0	0	
1	0	
2	0	
3	0	
4	0	
5	0	
6	0	
7	0	
8	0	
9	0	
10	0	
11	0	
12	0	
13	0	
14	0	
15	0	
16	0	
17	0	
18	0	
19	0	
20	0	
21	0	
22	0	
23	0	
24	0	
25	0	
26	0	
27	0	
28	0	
29	0	
30	0	
31	0	
32	0	
33	0	
34	0	
35	0	
36	0	
37	0	
38	0	
39	0	
40	0	
41	0	
42	0	
43	0	
44	0	
45	0	
46	0	
47	0	
48	0	
49	0	
50	0	
51	0	
52	0	
53	0	
54	0	
55	0	
56	0	
57	0	
58	0	
59	0	
60	0	
61	0	
62	0	
63	0	
64	0	
65	0	
66	0	
67	0	
68	0	
69	0	
70	0	
71	0	
72	0	
73	0	
74	0	
75	0	
76	0	
77	0	
78	0	
79	0	
80	0	
81	0	
82	0	
83	0	
84	0	
85	0	
86	0	
87	0	
88	0	
89	0	
90	0	
91	0	
92	0	
93	0	
94	0	
95	0	
96	0	
97	0	
98	0	
99	0	
100	0	
101	0	
102	0	
103	0	
104	0	
105	0	
106	0	
107	0	
108	0	
109	0	
110	0	
111	0	
112	0	
113	0	
114	0	
115	0	
116	0	
117	0	
118	0	
119	0	
120	0	
121	0	
122	0	
123	0	
124	0	
125	0	
126	0	
127	0	
128	0	
129	0	
130	0	
131	0	
132	0	
133	0	
134	0	
135	0	
136	0	
137	0	
138	0	
139	0	
140	0	
141	0	
142	0	
143	0	
144	0	
145	0	
146	0	
147	0	
148	0	
149	0	
150	0	
151	0	
152	0	
153	0	
154	0	
155	0	
156	0	
157	0	
158	0	
159	0	
160	0	
161	0	
162	0	
163	0	
164	0	
165	0	
166	0	
167	0	
168	0	
169	0	
170	0	
171	0	
172	0	
173	0	
174	0	
175	0	
176	0	
177	0	
178	0	
179	0	
180	0	
181	0	
182	0	
183	0	
184	0	
185	0	
186	0	
187	0	
188	0	
189	0	
190	0	
191	0	
192	0	
193	0	
194	0	
195	0	
196	0	
197	0	
198	0	
199	0	
200	0	
201	0	
202	0	
203	0	
204	0	
205	0	
206	0	
207	0	
208	0	
209	0	
210	0	
211	0	
212	0	
213	0	
214	0	
215	0	
216	0	
217	0	
218	0	
219	0	
220	0	
221	0	
222	0	
223	0	
224	0	
225	0	
226	0	
227	0	
228	1	
229	1	
230	13	
231	20	
232	158	
233	121	
234	502	
235	560	
236	1026	
237	954	
238	1322	
239	1359	
240	1845	
241	1831	
242	2378	
243	2436	
244	3291	
245	3271	
246	3611	
247	3615	
248	4236	
249	4091	
250	4365	
251	4155	
252	4709	
253	4634	
254	4941	
255	4924	
256	5365	
257	5424	
258	5549	
259	5498	
260	5980	
261	5979	
262	5919	
263	6027	
264	6306	
265	6327	
266	5956	
267	5944	
268	6207	
269	6119	
270	5697	
271	5639	
272	5659	
273	5747	
274	5314	
275	5260	
276	5335	
277	5149	
278	4971	
279	4876	
280	4958	
281	5021	
282	4627	
283	4707	
284	4904	
285	5024	
286	4825	
287	4738	
288	5007	
289	5022	
290	4955	
291	5035	
292	5312	
293	5324	
294	5078	
295	5172	
296	5579	
297	5432	
298	5168	
299	5459	
300	5537	
301	5491	
302	5315	
303	5483	
304	5520	
305	5471	
306	5256	
307	5301	
308	5420	
309	5329	
310	4992	
311	5116	
312	5309	
313	5140	
314	4902	
315	4834	
316	5004	
317	4902	
318	4691	
319	4689	
320	4915	
321	4870	
322	4543	
323	4646	
324	4805	
325	4696	
326	4674	
327	4669	
328	4651	
329	4826	
330	4522	
331	4558	
332	4781	
333	4793	
334	4550	
335	4607	
336	4840	
337	4802	
338	4521	
339	4564	
340	4905	
341	4756	
342	4456	
343	4530	
344	4640	
345	4822	
346	4495	
347	4447	
348	4614	
349	4546	
350	4354	
351	4397	
352	4480	
353	4525	
354	4338	
355	4313	
356	4459	
357	4405	
358	4236	
359	4260	
360	4302	
361	4301	
362	4106	
363	4054	
364	4202	
365	4247	
366	3988	
367	4017	
368	3951	
369	4048	
370	3841	
371	3930	
372	4046	
373	4078	
374	3809	
375	3807	
376	3933	
377	3937	
378	3748	
379	3793	
380	3799	
381	3946	
382	3651	
383	3690	
384	3697	
385	3751	
386	3551	
387	3659	
388	3749	
389	3755	
390	3577	
391	3593	
392	3731	
393	3747	
394	3534	
395	3618	
396	3685	
397	3644	
398	3559	
399	3445	
400	3626	
401	3545	
402	3350	
403	3426	
404	3522	
405	3577	
406	3395	
407	3289	
408	3489	
409	3607	
410	3301	
411	3328	
412	3377	
413	3469	
414	3271	
415	3337	
416	3388	
417	3346	
418	3312	
419	3155	
420	3262	
421	3366	
422	3144	
423	3138	
424	3329	
425	3144	
426	3145	
427	3075	
428	3197	
429	3130	
430	3072	
431	2965	
432	3153	
433	3144	
434	2897	
435	2921	
436	3010	
437	3002	
438	2851	
439	2886	
440	3034	
441	2905	
442	2781	
443	2869	
444	2751	
445	2964	
446	2705	
447	2726	
448	2872	
449	2768	
450	2696	
451	2751	
452	2733	
453	2785	
454	2631	
455	2624	
456	2694	
457	2730	
458	2576	
459	2488	
460	2593	
461	2706	
462	2553	
463	2647	
464	2627	
465	2581	
466	2467	
467	2460	
468	2661	
469	2525	
470	2513	
471	2568	
472	2587	
473	2687	
474	2506	
475	2438	
476	2630	
477	2626	
478	2446	
479	2460	
480	2625	
481	2524	
482	2393	
483	2452	
484	2565	
485	2534	
486	2510	
487	2462	
488	2572	
489	2627	
490	2498	
491	2483	
492	2587	
493	2588	
494	2403	
495	2392	
496	2539	
497	2577	
498	2464	
499	2526	
500	2595	
501	2565	
502	2452	
503	2498	
504	2612	
505	2592	
506	2382	
507	2490	
508	2563	
509	2579	
510	2445	
511	2422	
512	2517	
513	2483	
514	2388	
515	2377	
516	2472	
517	2420	
518	2327	
519	2305	
520	2434	
521	2421	
522	2373	
523	2329	
524	2470	
525	2402	
526	2209	
527	2199	
528	2326	
529	2360	
530	2258	
531	2290	
532	2306	
533	2299	
534	2225	
535	2141	
536	2204	
537	2353	
538	2206	
539	2216	
540	2254	
541	2194	
542	2118	
543	2154	
544	2212	
545	2221	
546	2168	
547	2095	
548	2346	
549	2286	
550	2185	
551	2228	
552	2347	
553	2263	
554	2311	
555	2269	
556	2490	
557	2456	
558	2637	
559	2442	
560	2743	
561	2726	
562	2959	
563	2852	
564	3217	
565	3247	
566	3352	
567	3393	
568	3701	
569	3700	
570	3841	
571	3970	
572	4193	
573	4338	
574	4349	
575	4237	
576	4746	
577	4648	
578	4817	
579	4957	
580	5179	
581	5339	
582	5062	
583	5081	
584	5403	
585	5469	
586	5369	
587	5319	
588	5434	
589	5465	
590	5166	
591	5175	
592	5178	
593	5237	
594	4868	
595	4904	
596	4959	
597	4943	
598	4588	
599	4418	
600	4536	
601	4558	
602	4083	
603	4192	
604	4281	
605	4216	
606	3841	
607	3840	
608	3917	
609	3905	
610	3636	
611	3649	
612	3778	
613	3800	
614	3798	
615	3674	
616	4005	
617	3993	
618	3940	
619	4036	
620	4410	
621	4429	
622	4445	
623	4586	
624	4930	
625	5144	
626	5409	
627	5456	
628	6218	
629	6101	
630	6379	
631	6476	
632	7310	
633	7396	
634	7996	
635	7999	
636	9040	
637	8997	
638	9153	
639	9443	
640	10392	
641	10278	
642	10695	
643	10695	
644	11197	
645	11199	
646	11829	
647	11772	
648	12826	
649	12398	
650	12435	
651	12484	
652	13206	
653	12859	
654	12332	
655	12428	
656	12281	
657	12480	
658	11743	
659	12006	
660	11493	
661	11600	
662	10363	
663	10370	
664	10317	
665	10165	
666	9141	
667	9044	
668	8853	
669	8541	
670	7665	
671	7510	
672	7206	
673	7296	
674	6290	
675	6005	
676	5708	
677	5863	
678	5035	
679	5072	
680	4781	
681	4886	
682	4147	
683	4134	
684	4046	
685	4078	
686	3517	
687	3600	
688	3494	
689	3498	
690	3097	
691	3099	
692	3082	
693	3130	
694	2788	
695	2726	
696	2842	
697	2815	
698	2695	
699	2714	
700	2696	
701	2793	
702	2651	
703	2635	
704	2749	
705	2756	
706	2548	
707	2665	
708	2768	
709	2831	
710	2731	
711	2708	
712	3018	
713	2936	
714	3082	
715	3005	
716	3347	
717	3436	
718	3544	
719	3502	
720	4049	
721	3957	
722	4285	
723	4264	
724	5175	
725	5195	
726	5910	
727	6012	
728	7276	
729	7354	
730	8515	
731	8546	
732	10478	
733	10537	
734	11994	
735	12024	
736	15094	
737	15160	
738	17559	
739	17584	
740	21597	
741	21562	
742	24224	
743	24251	
744	29590	
745	29981	
746	33195	
747	33137	
748	39436	
749	39444	
750	42485	
751	42512	
752	48704	
753	49339	
754	51898	
755	52298	
756	58466	
757	58431	
758	59586	
759	59618	
760	64742	
761	65348	
762	65354	
763	64679	
764	68774	
765	68341	
766	64833	
767	64636	
768	67110	
769	66939	
770	64030	
771	64036	
772	63886	
773	63911	
774	58175	
775	58242	
776	56442	
777	56818	
778	50257	
779	50437	
780	48040	
781	48042	
782	41051	
783	41163	
784	38111	
785	38120	
786	33122	
787	32886	
788	29933	
789	29857	
790	25040	
791	24859	
792	22676	
793	22892	
794	19314	
795	19293	
796	17537	
797	17655	
798	14829	
799	14770	
800	13717	
801	13812	
802	11911	
803	11746	
804	11412	
805	11265	
806	10215	
807	9774	
808	9839	
809	9822	
810	8860	
811	8844	
812	8871	
813	8691	
814	8091	
815	8193	
816	7971	
817	7938	
818	7216	
819	7223	
820	7260	
821	7275	
822	6688	
823	6704	
824	6492	
825	6271	
826	5923	
827	5929	
828	5687	
829	5797	
830	5126	
831	5154	
832	5068	
833	5046	
834	4619	
835	4687	
836	4486	
837	4461	
838	4105	
839	4082	
840	4155	
841	4121	
842	3899	
843	3911	
844	4120	
845	4025	
846	3726	
847	3730	
848	3976	
849	3947	
850	3778	
851	3837	
852	4083	
853	4084	
854	3909	
855	3865	
856	4053	
857	4187	
858	4045	
859	4101	
860	4249	
861	4160	
862	4047	
863	4042	
864	4137	
865	4290	
866	4167	
867	4081	
868	4244	
869	4094	
870	4006	
871	3958	
872	3953	
873	3939	
874	3682	
875	3628	
876	3576	
877	3634	
878	3362	
879	3359	
880	3167	
881	3339	
882	3049	
883	3045	
884	2922	
885	3005	
886	2588	
887	2708	
888	2566	
889	2592	
890	2414	
891	2252	
892	2332	
893	2342	
894	2163	
895	2096	
896	2183	
897	2047	
898	1874	
899	1824	
900	1904	
901	1896	
902	1918	
903	1817	
904	1918	
905	1944	
906	1820	
907	1769	
908	1789	
909	1874	
910	1819	
911	1806	
912	1860	
913	1856	
914	1808	
915	1867	
916	1960	
917	1949	
918	1838	
919	1811	
920	2072	
921	1953	
922	1994	
923	1977	
924	2171	
925	2091	
926	2109	
927	2063	
928	2367	
929	2271	
930	2307	
931	2402	
932	2601	
933	2669	
934	2665	
935	2693	
936	3036	
937	3051	
938	3279	
939	3286	
940	3802	
941	3740	
942	4045	
943	4147	
944	4634	
945	4679	
946	4900	
947	4974	
948	5742	
949	5825	
950	6177	
951	6215	
952	7178	
953	7220	
954	7530	
955	7697	
956	8619	
957	8563	
958	8782	
959	8874	
960	9665	
961	9846	
962	10079	
963	9949	
964	10851	
965	10909	
966	10716	
967	10779	
968	11256	
969	11257	
970	10950	
971	11125	
972	11359	
973	11404	
974	10704	
975	10747	
976	10953	
977	10886	
978	10011	
979	9859	
980	9915	
981	9886	
982	8962	
983	9083	
984	8498	
985	8495	
986	7715	
987	7582	
988	7291	
989	7289	
990	6484	
991	6249	
992	5981	
993	5960	
994	5135	
995	5252	
996	4957	
997	4821	
998	4187	
999	4310	
1000	3918	
1001	4031	
1002	3526	
1003	3441	
1004	3256	
1005	3350	
1006	3008	
1007	2982	
1008	2867	
1009	2865	
1010	2697	
1011	2520	
1012	2606	
1013	2651	
1014	2376	
1015	2442	
1016	2565	
1017	2456	
1018	2507	
1019	2437	
1020	2581	
1021	2475	
1022	2303	
1023	2326	
1024	2520	
1025	2543	
1026	2454	
1027	2469	
1028	2624	
1029	2751	
1030	2662	
1031	2740	
1032	2774	
1033	2821	
1034	2882	
1035	2911	
1036	3085	
1037	3117	
1038	3015	
1039	3071	
1040	3246	
1041	3178	
1042	3400	
1043	3370	
1044	3572	
1045	3741	
1046	3689	
1047	3680	
1048	4080	
1049	3932	
1050	4161	
1051	4028	
1052	4457	
1053	4492	
1054	4669	
1055	4596	
1056	5134	
1057	5048	
1058	5234	
1059	5328	
1060	5752	
1061	5826	
1062	5947	
1063	5964	
1064	6605	
1065	6746	
1066	6703	
1067	6799	
1068	7510	
1069	7331	
1070	7561	
1071	7330	
1072	8035	
1073	8072	
1074	8005	
1075	8101	
1076	8750	
1077	8563	
1078	8189	
1079	8336	
1080	8757	
1081	8723	
1082	8398	
1083	8629	
1084	8358	
1085	8688	
1086	8002	
1087	8045	
1088	8123	
1089	7950	
1090	7511	
1091	7495	
1092	7169	
1093	7511	
1094	6517	
1095	6639	
1096	6463	
1097	6435	
1098	5790	
1099	5744	
1100	5495	
1101	5354	
1102	4788	
1103	4802	
1104	4589	
1105	4550	
1106	4103	
1107	4133	
1108	3921	
1109	3905	
1110	3503	
1111	3464	
1112	3454	
1113	3326	
1114	2968	
1115	3195	
1116	3053	
1117	3098	
1118	2873	
1119	2877	
1120	2896	
1121	2930	
1122	2754	
1123	2809	
1124	2990	
1125	3003	
1126	2951	
1127	3019	
1128	3274	
1129	3239	
1130	3385	
1131	3375	
1132	4007	
1133	3921	
1134	3987	
1135	4139	
1136	4714	
1137	4734	
1138	5411	
1139	5305	
1140	6548	
1141	6656	
1142	7599	
1143	7535	
1144	9436	
1145	9552	
1146	11142	
1147	11415	
1148	14716	
1149	14632	
1150	17427	
1151	17369	
1152	23005	
1153	22904	
1154	27984	
1155	28050	
1156	33428	
1157	33579	
1158	43098	
1159	42913	
1160	57000	
1161	56913	
1162	69089	
1163	69198	
1164	89361	
1165	89445	
1166	105650	
1167	105560	
1168	132687	
1169	133171	
1170	155827	
1171	155785	
1172	193567	
1173	193385	
1174	220170	
1175	219237	
1176	265809	
1177	265912	
1178	297821	
1179	296805	
1180	351745	
1181	352141	
1182	378453	
1183	379574	
1184	438964	
1185	437629	
1186	467996	
1187	467703	
1188	525507	
1189	527018	
1190	541557	
1191	542067	
1192	595721	
1193	594594	
1194	603755	
1195	603673	
1196	644713	
1197	645194	
1198	630857	
1199	630423	
1200	663367	
1201	662674	
1202	627732	
1203	624569	
1204	647382	
1205	647491	
1206	601356	
1207	601105	
1208	599044	
1209	599044	
1210	550410	
1211	549522	
1212	532858	
1213	532388	
1214	469740	
1215	468402	
1216	447616	
1217	446923	
1218	393595	
1219	393038	
1220	365802	
1221	365872	
1222	310756	
1223	310533	
1224	282857	
1225	283040	
1226	238086	
1227	238373	
1228	213017	
1229	213204	
1230	174051	
1231	174885	
1232	154840	
1233	155295	
1234	124763	
1235	124298	
1236	111159	
1237	112008	
1238	90370	
1239	90198	
1240	79878	
1241	80183	
1242	64928	
1243	64991	
1244	58274	
1245	59010	
1246	47692	
1247	47647	
1248	43557	
1249	43518	
1250	36926	
1251	37005	
1252	34548	
1253	35129	
1254	30416	
1255	30433	
1256	29889	
1257	30018	
1258	27421	
1259	27634	
1260	28118	
1261	28074	
1262	26984	
1263	26742	
1264	28082	
1265	28297	
1266	29129	
1267	29334	
1268	32255	
1269	32516	
1270	33375	
1271	33377	
1272	38219	
1273	38311	
1274	40875	
1275	40614	
1276	46801	
1277	46818	
1278	48548	
1279	48715	
1280	55585	
1281	55872	
1282	60403	
1283	60683	
1284	68632	
1285	68582	
1286	70892	
1287	70906	
1288	79275	
1289	78666	
1290	81683	
1291	81796	
1292	89292	
1293	89130	
1294	89682	
1295	89238	
1296	94353	
1297	94791	
1298	94622	
1299	94663	
1300	98814	
1301	98871	
1302	95099	
1303	95157	
1304	97295	
1305	97447	
1306	91737	
1307	92256	
1308	92117	
1309	91535	
1310	84167	
1311	84499	
1312	82066	
1313	82425	
1314	74622	
1315	74560	
1316	71600	
1317	71253	
1318	63151	
1319	63159	
1320	59274	
1321	59212	
1322	51328	
1323	51419	
1324	47211	
1325	47562	
1326	40598	
1327	39908	
1328	36678	
1329	36440	
1330	30804	
1331	30408	
1332	27659	
1333	27482	
1334	22649	
1335	22445	
1336	20224	
1337	20153	
1338	16393	
1339	16727	
1340	14754	
1341	14792	
1342	11906	
1343	11806	
1344	10837	
1345	10783	
1346	8997	
1347	9035	
1348	8185	
1349	8116	
1350	6797	
1351	6859	
1352	6315	
1353	6307	
1354	5239	
1355	5353	
1356	4870	
1357	4999	
1358	4229	
1359	4149	
1360	3946	
1361	3893	
1362	3578	
1363	3484	
1364	3425	
1365	3385	
1366	2794	
1367	2938	
1368	2870	
1369	2807	
1370	2422	
1371	2405	
1372	2356	
1373	2364	
1374	2028	
1375	2008	
1376	1995	
1377	1998	
1378	1779	
1379	1793	
1380	1791	
1381	1784	
1382	1518	
1383	1587	
1384	1504	
1385	1554	
1386	1396	
1387	1422	
1388	1387	
1389	1357	
1390	1207	
1391	1190	
1392	1197	
1393	1173	
1394	1107	
1395	1065	
1396	1150	
1397	1076	
1398	1027	
1399	968	
1400	1042	
1401	1042	
1402	1010	
1403	1003	
1404	997	
1405	970	
1406	941	
1407	988	
1408	994	
1409	1027	
1410	970	
1411	970	
1412	992	
1413	979	
1414	931	
1415	930	
1416	984	
1417	985	
1418	929	
1419	966	
1420	1013	
1421	1009	
1422	1020	
1423	1029	
1424	1099	
1425	1068	
1426	1059	
1427	998	
1428	1113	
1429	1134	
1430	1059	
1431	1097	
1432	1176	
1433	1193	
1434	1165	
1435	1207	
1436	1198	
1437	1263	
1438	1169	
1439	1183	
1440	1265	
1441	1261	
1442	1251	
1443	1261	
1444	1362	
1445	1299	
1446	1242	
1447	1298	
1448	1348	
1449	1416	
1450	1341	
1451	1295	
1452	1322	
1453	1304	
1454	1375	
1455	1251	
1456	1399	
1457	1370	
1458	1328	
1459	1326	
1460	1387	
1461	1369	
1462	1298	
1463	1219	
1464	1320	
1465	1399	
1466	1269	
1467	1272	
1468	1270	
1469	1311	
1470	1210	
1471	1186	
1472	1286	
1473	1258	
1474	1179	
1475	1167	
1476	1237	
1477	1283	
1478	1138	
1479	1219	
1480	1116	
1481	1165	
1482	1075	
1483	1116	
1484	1155	
1485	1151	
1486	1017	
1487	1064	
1488	1097	
1489	1091	
1490	1040	
1491	1045	
1492	1054	
1493	1110	
1494	1018	
1495	1081	
1496	1007	
1497	1070	
1498	1038	
1499	1021	
1500	1039	
1501	1015	
1502	1028	
1503	964	
1504	1039	
1505	1062	
1506	989	
1507	966	
1508	1039	
1509	1039	
1510	971	
1511	959	
1512	1042	
1513	1093	
1514	971	
1515	1007	
1516	1049	
1517	1012	
1518	975	
1519	936	
1520	1000	
1521	956	
1522	920	
1523	933	
1524	1015	
1525	1038	
1526	955	
1527	939	
1528	962	
1529	1026	
1530	973	
1531	982	
1532	1018	
1533	951	
1534	941	
1535	996	
1536	993	
1537	1065	
1538	986	
1539	949	
1540	1039	
1541	1079	
1542	1004	
1543	1068	
1544	988	
1545	1029	
1546	1010	
1547	1025	
1548	1020	
1549	1066	
1550	1035	
1551	1024	
1552	996	
1553	1056	
1554	1049	
1555	1126	
1556	1140	
1557	1117	
1558	994	
1559	1022	
1560	1087	
1561	1130	
1562	994	
1563	1086	
1564	1102	
1565	1137	
1566	1057	
1567	1096	
1568	1154	
1569	1157	
1570	1136	
1571	1110	
1572	1113	
1573	1098	
1574	1100	
1575	1089	
1576	1171	
1577	1121	
1578	1109	
1579	1099	
1580	1155	
1581	1100	
1582	1105	
1583	1097	
1584	1117	
1585	1138	
1586	1078	
1587	1125	
1588	1183	
1589	1177	
1590	1122	
1591	1094	
1592	1219	
1593	1234	
1594	1178	
1595	1138	
1596	1152	
1597	1080	
1598	1151	
1599	1074	
1600	1203	
1601	1139	
1602	1162	
1603	1178	
1604	1160	
1605	1157	
1606	1165	
1607	1200	
1608	1145	
1609	1180	
1610	1195	
1611	1170	
1612	1157	
1613	1154	
1614	1153	
1615	1114	
1616	1194	
1617	1151	
1618	1125	
1619	1175	
1620	1158	
1621	1197	
1622	1238	
1623	1147	
1624	1177	
1625	1195	
1626	1155	
1627	1111	
1628	1170	
1629	1234	
1630	1162	
1631	1148	
1632	1234	
1633	1168	
1634	1156	
1635	1178	
1636	1184	
1637	1182	
1638	1166	
1639	1156	
1640	1279	
1641	1243	
1642	1192	
1643	1220	
1644	1228	
1645	1238	
1646	1179	
1647	1183	
1648	1266	
1649	1190	
1650	1162	
1651	1114	
1652	1214	
1653	1271	
1654	1233	
1655	1238	
1656	1222	
1657	1209	
1658	1259	
1659	1160	
1660	1299	
1661	1241	
1662	1210	
1663	1123	
1664	1266	
1665	1272	
1666	1259	
1667	1193	
1668	1381	
1669	1311	
1670	1297	
1671	1296	
1672	1231	
1673	1338	
1674	1282	
1675	1313	
1676	1317	
1677	1371	
1678	1299	
1679	1297	
1680	1344	
1681	1332	
1682	1308	
1683	1316	
1684	1340	
1685	1334	
1686	1300	
1687	1284	
1688	1420	
1689	1414	
1690	1398	
1691	1392	
1692	1460	
1693	1485	
1694	1311	
1695	1384	
1696	1412	
1697	1502	
1698	1386	
1699	1404	
1700	1467	
1701	1503	
1702	1518	
1703	1503	
1704	1561	
1705	1528	
1706	1564	
1707	1511	
1708	1619	
1709	1675	
1710	1591	
1711	1625	
1712	1723	
1713	1829	
1714	1751	
1715	1676	
1716	1814	
1717	1821	
1718	1857	
1719	1770	
1720	1934	
1721	1918	
1722	1907	
1723	1900	
1724	1969	
1725	2033	
1726	1961	
1727	1911	
1728	2124	
1729	2029	
1730	1992	
1731	2054	
1732	2303	
1733	2047	
1734	2032	
1735	2139	
1736	2250	
1737	2171	
1738	2126	
1739	2145	
1740	2237	
1741	2274	
1742	2174	
1743	2162	
1744	2196	
1745	2205	
1746	2098	
1747	2019	
1748	2147	
1749	2123	
1750	2055	
1751	2073	
1752	2166	
1753	2132	
1754	2074	
1755	2086	
1756	1971	
1757	2087	
1758	1959	
1759	1984	
1760	2097	
1761	2065	
1762	1921	
1763	1959	
1764	1965	
1765	1951	
1766	1818	
1767	1894	
1768	1974	
1769	1890	
1770	1968	
1771	1817	
1772	1906	
1773	1937	
1774	1749	
1775	1816	
1776	1908	
1777	1906	
1778	1848	
1779	1901	
1780	1882	
1781	1890	
1782	1827	
1783	1788	
1784	1945	
1785	1904	
1786	1800	
1787	1872	
1788	1953	
1789	1931	
1790	1772	
1791	1803	
1792	1986	
1793	1911	
1794	1869	
1795	1892	
1796	1900	
1797	1923	
1798	1887	
1799	1972	
1800	1976	
1801	1942	
1802	1927	
1803	1999	
1804	1969	
1805	2050	
1806	2021	
1807	1981	
1808	2137	
1809	1999	
1810	1942	
1811	1971	
1812	2057	
1813	2038	
1814	1981	
1815	2030	
1816	2199	
1817	2125	
1818	1979	
1819	2021	
1820	2140	
1821	2100	
1822	2084	
1823	2034	
1824	2159	
1825	2112	
1826	2163	
1827	2053	
1828	2191	
1829	2288	
1830	2151	
1831	2250	
1832	2254	
1833	2253	
1834	2284	
1835	2292	
1836	2283	
1837	2340	
1838	2365	
1839	2291	
1840	2427	
1841	2391	
1842	2505	
1843	2337	
1844	2439	
1845	2523	
1846	2458	
1847	2424	
1848	2640	
1849	2625	
1850	2464	
1851	2591	
1852	2768	
1853	2696	
1854	2595	
1855	2589	
1856	2895	
1857	2872	
1858	2766	
1859	2826	
1860	3005	
1861	2991	
1862	2910	
1863	2908	
1864	3143	
1865	3088	
1866	3055	
1867	3080	
1868	3208	
1869	3234	
1870	3208	
1871	3212	
1872	3393	
1873	3381	
1874	3424	
1875	3461	
1876	3594	
1877	3515	
1878	3504	
1879	3399	
1880	3538	
1881	3679	
1882	3609	
1883	3585	
1884	3809	
1885	3815	
1886	3677	
1887	3506	
1888	3974	
1889	3778	
1890	3774	
1891	3702	
1892	3990	
1893	3851	
1894	3729	
1895	3669	
1896	3785	
1897	3869	
1898	3856	
1899	3697	
1900	3855	
1901	3797	
1902	3747	
1903	3704	
1904	3665	
1905	3736	
1906	3699	
1907	3741	
1908	3812	
1909	3768	
1910	3548	
1911	3620	
1912	3714	
1913	3746	
1914	3522	
1915	3488	
1916	3605	
1917	3687	
1918	3527	
1919	3453	
1920	3505	
1921	3510	
1922	3531	
1923	3407	
1924	3674	
1925	3756	
1926	3260	
1927	3156	
1928	3414	
1929	3375	
1930	3580	
1931	3543	
1932	3644	
1933	3618	
1934	3531	
1935	3433	
1936	3579	
1937	3633	
1938	3538	
1939	3528	
1940	3599	
1941	3679	
1942	3550	
1943	3528	
1944	3684	
1945	3767	
1946	3672	
1947	3695	
1948	3677	
1949	3766	
1950	3666	
1951	3529	
1952	3856	
1953	3746	
1954	3682	
1955	3706	
1956	3871	
1957	3999	
1958	3859	
1959	3810	
1960	3896	
1961	3942	
1962	3830	
1963	3802	
1964	4142	
1965	4132	
1966	3789	
1967	3919	
1968	4263	
1969	4086	
1970	4037	
1971	3871	
1972	4176	
1973	4262	
1974	4046	
1975	4174	
1976	4383	
1977	4310	
1978	4284	
1979	4391	
1980	4662	
1981	4440	
1982	4400	
1983	4445	
1984	4838	
1985	4682	
1986	4705	
1987	4861	
1988	5117	
1989	5118	
1990	5036	
1991	5026	
1992	5463	
1993	5464	
1994	5519	
1995	5485	
1996	6170	
1997	6171	
1998	6196	
1999	6162	
2000	6802	
2001	6827	
2002	7027	
2003	6902	
2004	8033	
2005	7901	
2006	8086	
2007	8007	
2008	8982	
2009	9045	
2010	9586	
2011	9527	
2012	10874	
2013	10594	
2014	10842	
2015	11254	
2016	12610	
2017	12506	
2018	12961	
2019	12759	
2020	14602	
2021	14741	
2022	14904	
2023	14748	
2024	16533	
2025	16598	
2026	17149	
2027	16977	
2028	18893	
2029	18627	
2030	18845	
2031	19052	
2032	20023	
2033	20422	
2034	20451	
2035	20863	
2036	21781	
2037	21989	
2038	21665	
2039	21579	
2040	22888	
2041	23040	
2042	22942	
2043	22372	
2044	23522	
2045	23517	
2046	21778	
2047	21819	
2048	22759	
2049	22772	
2050	22207	
2051	22194	
2052	22318	
2053	22709	
2054	21181	
2055	21154	
2056	21017	
2057	21247	
2058	19648	
2059	19757	
2060	19637	
2061	19523	
2062	17849	
2063	18148	
2064	17557	
2065	17575	
2066	16417	
2067	16441	
2068	15953	
2069	16087	
2070	14569	
2071	14706	
2072	14406	
2073	14315	
2074	13084	
2075	13117	
2076	13008	
2077	12813	
2078	11846	
2079	11423	
2080	11560	
2081	11575	
2082	10535	
2083	10687	
2084	10591	
2085	10539	
2086	9723	
2087	9563	
2088	9791	
2089	9681	
2090	9139	
2091	9342	
2092	9247	
2093	9248	
2094	8582	
2095	8709	
2096	8770	
2097	8682	
2098	8701	
2099	8432	
2100	8631	
2101	8631	
2102	8613	
2103	8271	
2104	8562	
2105	8635	
2106	8373	
2107	8316	
2108	8529	
2109	8738	
2110	8108	
2111	8241	
2112	8589	
2113	8547	
2114	8447	
2115	8234	
2116	8823	
2117	8633	
2118	8332	
2119	8301	
2120	8787	
2121	8825	
2122	8500	
2123	8319	
2124	8923	
2125	8946	
2126	8574	
2127	8535	
2128	8693	
2129	8786	
2130	8721	
2131	8525	
2132	9160	
2133	9174	
2134	8656	
2135	8676	
2136	9112	
2137	8844	
2138	8995	
2139	8735	
2140	9288	
2141	9241	
2142	8946	
2143	8998	
2144	9407	
2145	9312	
2146	9122	
2147	9147	
2148	9451	
2149	9413	
2150	9031	
2151	9062	
2152	9670	
2153	9287	
2154	9197	
2155	9242	
2156	9665	
2157	9566	
2158	9229	
2159	9276	
2160	9466	
2161	9592	
2162	9559	
2163	9532	
2164	9939	
2165	9938	
2166	9549	
2167	9471	
2168	9878	
2169	9980	
2170	9674	
2171	9690	
2172	10076	
2173	10149	
2174	9540	
2175	9721	
2176	10340	
2177	10222	
2178	9936	
2179	10176	
2180	10085	
2181	10115	
2182	9738	
2183	9883	
2184	10543	
2185	10357	
2186	10284	
2187	10112	
2188	10586	
2189	10727	
2190	10281	
2191	10324	
2192	10765	
2193	10687	
2194	10471	
2195	10659	
2196	11127	
2197	11094	
2198	10755	
2199	10591	
2200	11314	
2201	11385	
2202	11230	
2203	11148	
2204	11931	
2205	11606	
2206	11301	
2207	11332	
2208	12033	
2209	11865	
2210	11686	
2211	11545	
2212	12290	
2213	12221	
2214	12033	
2215	11762	
2216	12638	
2217	12458	
2218	12366	
2219	12415	
2220	12944	
2221	13026	
2222	12539	
2223	12668	
2224	13428	
2225	13532	
2226	12801	
2227	12865	
2228	13580	
2229	13884	
2230	13492	
2231	13397	
2232	14387	
2233	14070	
2234	13946	
2235	14019	
2236	14838	
2237	14753	
2238	14011	
2239	14365	
2240	14694	
2241	14635	
2242	14640	
2243	14551	
2244	15320	
2245	15111	
2246	14686	
2247	14554	
2248	15442	
2249	15336	
2250	14755	
2251	14823	
2252	15583	
2253	15481	
2254	14840	
2255	14816	
2256	15220	
2257	15670	
2258	14483	
2259	14839	
2260	15492	
2261	15476	
2262	14703	
2263	14840	
2264	15253	
2265	15393	
2266	14968	
2267	14673	
2268	15267	
2269	15376	
2270	14486	
2271	14645	
2272	14954	
2273	15194	
2274	14766	
2275	14681	
2276	15075	
2277	15139	
2278	14428	
2279	14680	
2280	15175	
2281	15022	
2282	14631	
2283	14516	
2284	15112	
2285	15117	
2286	14437	
2287	14265	
2288	15063	
2289	14876	
2290	14831	
2291	14693	
2292	15193	
2293	15173	
2294	14423	
2295	14535	
2296	15143	
2297	15131	
2298	14659	
2299	14591	
2300	15328	
2301	15447	
2302	14443	
2303	14493	
2304	15214	
2305	15371	
2306	14984	
2307	14724	
2308	15533	
2309	15587	
2310	15235	
2311	15231	
2312	15742	
2313	15497	
2314	15345	
2315	15170	
2316	15993	
2317	15816	
2318	15385	
2319	15208	
2320	15823	
2321	16066	
2322	15652	
2323	15709	
2324	16420	
2325	16120	
2326	15816	
2327	15880	
2328	16492	
2329	16646	
2330	16188	
2331	16077	
2332	16793	
2333	16802	
2334	16141	
2335	16149	
2336	17070	
2337	16715	
2338	16573	
2339	16315	
2340	17246	
2341	17305	
2342	16700	
2343	16872	
2344	17604	
2345	17461	
2346	16948	
2347	17128	
2348	17449	
2349	17639	
2350	17046	
2351	16896	
2352	17786	
2353	17926	
2354	17426	
2355	17441	
2356	18144	
2357	17946	
2358	17383	
2359	17256	
2360	18161	
2361	18021	
2362	17740	
2363	17696	
2364	18275	
2365	18720	
2366	17625	
2367	17358	
2368	17999	
2369	18174	
2370	17700	
2371	17983	
2372	18441	
2373	18695	
2374	17955	
2375	17886	
2376	18615	
2377	18795	
2378	17983	
2379	18100	
2380	18881	
2381	19030	
2382	18063	
2383	18045	
2384	18511	
2385	18611	
2386	18255	
2387	18415	
2388	18870	
2389	19309	
2390	18398	
2391	18234	
2392	19388	
2393	19010	
2394	18337	
2395	18707	
2396	19274	
2397	19216	
2398	18408	
2399	18620	
2400	19566	
2401	19291	
2402	18835	
2403	18786	
2404	19699	
2405	19688	
2406	18937	
2407	19204	
2408	19547	
2409	19666	
2410	19048	
2411	19185	
2412	20066	
2413	19829	
2414	19133	
2415	19236	
2416	19296	
2417	19586	
2418	19400	
2419	19446	
2420	20266	
2421	20386	
2422	19421	
2423	19393	
2424	20158	
2425	20407	
2426	19605	
2427	19806	
2428	20533	
2429	20177	
2430	19284	
2431	19248	
2432	20301	
2433	20542	
2434	20016	
2435	19986	
2436	21015	
2437	21007	
2438	19848	
2439	19994	
2440	19978	
2441	19873	
2442	20333	
2443	20289	
2444	21035	
2445	21175	
2446	20540	
2447	20502	
2448	21218	
2449	21049	
2450	20550	
2451	20699	
2452	21438	
2453	21413	
2454	20702	
2455	20543	
2456	21872	
2457	21379	
2458	20599	
2459	21026	
2460	21934	
2461	22043	
2462	20832	
2463	21134	
2464	21716	
2465	21767	
2466	21309	
2467	21263	
2468	22207	
2469	22178	
2470	21206	
2471	21479	
2472	22456	
2473	22320	
2474	21580	
2475	21542	
2476	22474	
2477	22607	
2478	21515	
2479	21526	
2480	23004	
2481	22329	
2482	21418	
2483	21474	
2484	22973	
2485	23002	
2486	22076	
2487	21667	
2488	22707	
2489	22812	
2490	22254	
2491	22502	
2492	22827	
2493	23512	
2494	22151	
2495	22053	
2496	23345	
2497	23379	
2498	22730	
2499	22906	
2500	23581	
2501	23259	
2502	22930	
2503	22777	
2504	23578	
2505	23898	
2506	23423	
2507	23287	
2508	24068	
2509	24090	
2510	23136	
2511	22913	
2512	24308	
2513	24468	
2514	23129	
2515	22902	
2516	24551	
2517	24512	
2518	23495	
2519	23340	
2520	24932	
2521	24679	
2522	23869	
2523	24424	
2524	24907	
2525	24971	
2526	23958	
2527	24097	
2528	25452	
2529	25020	
2530	24760	
2531	24552	
2532	25479	
2533	25398	
2534	24578	
2535	24703	
2536	25404	
2537	25490	
2538	25249	
2539	24901	
2540	26081	
2541	25935	
2542	24875	
2543	25171	
2544	25980	
2545	25747	
2546	25534	
2547	25512	
2548	26727	
2549	26727	
2550	25628	
2551	25456	
2552	26659	
2553	26856	
2554	25789	
2555	25870	
2556	27080	
2557	27055	
2558	25858	
2559	25463	
2560	26633	
2561	26851	
2562	26047	
2563	26322	
2564	27455	
2565	27341	
2566	26131	
2567	26140	
2568	27022	
2569	27413	
2570	26384	
2571	26195	
2572	27318	
2573	27488	
2574	26041	
2575	26323	
2576	26694	
2577	27106	
2578	26655	
2579	26521	
2580	27563	
2581	27715	
2582	26407	
2583	26391	
2584	27774	
2585	27594	
2586	26975	
2587	26586	
2588	27847	
2589	27735	
2590	26581	
2591	26614	
2592	27532	
2593	27906	
2594	27114	
2595	26924	
2596	27692	
2597	27824	
2598	26921	
2599	26870	
2600	28160	
2601	28165	
2602	27535	
2603	27350	
2604	28315	
2605	28317	
2606	26967	
2607	27209	
2608	28362	
2609	28473	
2610	27948	
2611	27397	
2612	28722	
2613	28639	
2614	27345	
2615	27505	
2616	29024	
2617	28792	
2618	28026	
2619	27851	
2620	28899	
2621	28687	
2622	27715	
2623	27461	
2624	28895	
2625	28481	
2626	28225	
2627	28364	
2628	29098	
2629	29201	
2630	28274	
2631	28239	
2632	29457	
2633	29649	
2634	28587	
2635	28322	
2636	29734	
2637	29779	
2638	28692	
2639	28491	
2640	29432	
2641	28911	
2642	28620	
2643	28978	
2644	30201	
2645	29973	
2646	28659	
2647	28664	
2648	30216	
2649	30466	
2650	29289	
2651	29379	
2652	30548	
2653	30632	
2654	28889	
2655	29061	
2656	30735	
2657	30693	
2658	29736	
2659	29981	
2660	31059	
2661	31006	
2662	29726	
2663	29502	
2664	30947	
2665	31289	
2666	30070	
2667	30054	
2668	31185	
2669	31166	
2670	30177	
2671	30315	
2672	30702	
2673	30837	
2674	30462	
2675	30840	
2676	31965	
2677	31664	
2678	30499	
2679	30629	
2680	31914	
2681	32121	
2682	31001	
2683	31265	
2684	32725	
2685	32519	
2686	30987	
2687	31127	
2688	32567	
2689	32970	
2690	32525	
2691	32258	
2692	33423	
2693	33291	
2694	29703	
2695	29905	
2696	34540	
2697	34555	
2698	33590	
2699	33791	
2700	35337	
2701	35232	
2702	34264	
2703	34104	
2704	35288	
2705	35706	
2706	35362	
2707	35577	
2708	37563	
2709	37041	
2710	35606	
2711	35478	
2712	37766	
2713	37681	
2714	36887	
2715	37063	
2716	38731	
2717	39019	
2718	37620	
2719	37599	
2720	39386	
2721	39399	
2722	38859	
2723	38804	
2724	40771	
2725	40525	
2726	39047	
2727	38912	
2728	41046	
2729	40911	
2730	39865	
2731	39743	
2732	41708	
2733	41276	
2734	39699	
2735	39986	
2736	41547	
2737	41725	
2738	39050	
2739	38970	
2740	41496	
2741	41599	
2742	39384	
2743	39675	
2744	41461	
2745	41107	
2746	39646	
2747	39854	
2748	41213	
2749	40981	
2750	39023	
2751	38823	
2752	40676	
2753	40290	
2754	38920	
2755	38791	
2756	40708	
2757	40021	
2758	38239	
2759	38124	
2760	39976	
2761	39318	
2762	37835	
2763	38087	
2764	39269	
2765	39206	
2766	37338	
2767	37527	
2768	38995	
2769	38643	
2770	36684	
2771	36603	
2772	38466	
2773	38356	
2774	36695	
2775	36549	
2776	38086	
2777	38120	
2778	36675	
2779	36747	
2780	37800	
2781	37997	
2782	36342	
2783	36044	
2784	37730	
2785	37517	
2786	36770	
2787	36557	
2788	38068	
2789	37915	
2790	36623	
2791	36150	
2792	37674	
2793	37654	
2794	36934	
2795	36316	
2796	38101	
2797	38013	
2798	36618	
2799	36446	
2800	37688	
2801	37851	
2802	36975	
2803	36949	
2804	38530	
2805	38478	
2806	36834	
2807	36696	
2808	38532	
2809	38347	
2810	37372	
2811	37347	
2812	38893	
2813	39045	
2814	36159	
2815	36465	
2816	38603	
2817	38577	
2818	37673	
2819	37874	
2820	39173	
2821	39025	
2822	37793	
2823	37769	
2824	39333	
2825	38867	
2826	38103	
2827	38336	
2828	39578	
2829	39618	
2830	38257	
2831	38263	
2832	39430	
2833	39067	
2834	38313	
2835	38458	
2836	40056	
2837	39871	
2838	38598	
2839	37983	
2840	39902	
2841	40508	
2842	38836	
2843	39290	
2844	40915	
2845	40292	
2846	38626	
2847	38311	
2848	40813	
2849	40932	
2850	39147	
2851	39122	
2852	40935	
2853	40983	
2854	39300	
2855	38973	
2856	41021	
2857	40636	
2858	39706	
2859	39643	
2860	41158	
2861	41482	
2862	39102	
2863	39728	
2864	41328	
2865	41261	
2866	40511	
2867	40241	
2868	41671	
2869	41917	
2870	39973	
2871	40040	
2872	41957	
2873	42165	
2874	40106	
2875	40730	
2876	42198	
2877	42509	
2878	40242	
2879	40163	
2880	42160	
2881	41860	
2882	41229	
2883	41225	
2884	42636	
2885	42613	
2886	41082	
2887	41342	
2888	42487	
2889	42942	
2890	41732	
2891	41829	
2892	43664	
2893	43405	
2894	41626	
2895	41700	
2896	42306	
2897	42426	
2898	41950	
2899	41868	
2900	43582	
2901	43349	
2902	42329	
2903	41976	
2904	43694	
2905	44162	
2906	42387	
2907	42319	
2908	44349	
2909	44296	
2910	42291	
2911	41974	
2912	43934	
2913	44296	
2914	42943	
2915	43011	
2916	44366	
2917	44701	
2918	42941	
2919	42693	
2920	44896	
2921	44482	
2922	42979	
2923	43054	
2924	44952	
2925	45253	
2926	43190	
2927	43070	
2928	43718	
2929	44052	
2930	43249	
2931	43427	
2932	45135	
2933	45068	
2934	43471	
2935	43541	
2936	45175	
2937	45268	
2938	43478	
2939	43657	
2940	45667	
2941	45474	
2942	42914	
2943	43112	
2944	45347	
2945	45230	
2946	41879	
2947	42592	
2948	44342	
2949	44265	
2950	43918	
2951	44207	
2952	45754	
2953	46011	
2954	44432	
2955	44758	
2956	46480	
2957	46244	
2958	44184	
2959	44082	
2960	45990	
2961	46211	
2962	44967	
2963	45048	
2964	46783	
2965	46290	
2966	44677	
2967	44816	
2968	46767	
2969	46836	
2970	45405	
2971	45424	
2972	46936	
2973	46749	
2974	45098	
2975	44919	
2976	47265	
2977	46926	
2978	45740	
2979	45983	
2980	47527	
2981	47716	
2982	46072	
2983	45707	
2984	48174	
2985	47603	
2986	46204	
2987	46675	
2988	48063	
2989	48588	
2990	46158	
2991	46253	
2992	48357	
2993	48003	
2994	45981	
2995	46472	
2996	48840	
2997	48849	
2998	46764	
2999	47040	
3000	48764	
3001	49013	
3002	47912	
3003	47298	
3004	49749	
3005	49485	
3006	46562	
3007	46578	
3008	49565	
3009	49267	
3010	48075	
3011	48365	
3012	50126	
3013	49937	
3014	48312	
3015	48045	
3016	50188	
3017	50536	
3018	48754	
3019	48993	
3020	50451	
3021	50394	
3022	48562	
3023	48356	
3024	50562	
3025	50824	
3026	48392	
3027	48058	
3028	51027	
3029	51028	
3030	49178	
3031	48962	
3032	50910	
3033	51079	
3034	49416	
3035	49467	
3036	51201	
3037	50882	
3038	48618	
3039	48790	
3040	50907	
3041	51186	
3042	49609	
3043	49497	
3044	51707	
3045	51361	
3046	49023	
3047	49207	
3048	51391	
3049	51397	
3050	49760	
3051	49342	
3052	51485	
3053	51647	
3054	49459	
3055	49245	
3056	51318	
3057	50984	
3058	50107	
3059	49626	
3060	51656	
3061	51639	
3062	48997	
3063	49481	
3064	51685	
3065	51888	
3066	49900	
3067	49985	
3068	52096	
3069	51669	
3070	48186	
3071	47920	
3072	51117	
3073	51291	
3074	50103	
3075	50121	
3076	52037	
3077	52230	
3078	49783	
3079	50196	
3080	52469	
3081	52548	
3082	50575	
3083	50625	
3084	52100	
3085	52940	
3086	50201	
3087	50410	
3088	51570	
3089	51733	
3090	51150	
3091	50433	
3092	52546	
3093	53321	
3094	50692	
3095	50515	
3096	52543	
3097	52993	
3098	51377	
3099	51540	
3100	53255	
3101	53030	
3102	49929	
3103	50919	
3104	53421	
3105	52962	
3106	51129	
3107	51922	
3108	53766	
3109	53068	
3110	51587	
3111	51465	
3112	53796	
3113	53829	
3114	52176	
3115	51621	
3116	53298	
3117	53797	
3118	51351	
3119	52166	
3120	53471	
3121	53774	
3122	52185	
3123	51944	
3124	54779	
3125	54218	
3126	52226	
3127	52181	
3128	54549	
3129	54411	
3130	52520	
3131	52985	
3132	54887	
3133	54935	
3134	52474	
3135	51994	
3136	54483	
3137	54650	
3138	53306	
3139	53131	
3140	54811	
3141	55002	
3142	52813	
3143	53275	
3144	55361	
3145	55527	
3146	53364	
3147	53608	
3148	55842	
3149	55145	
3150	53035	
3151	53354	
3152	54812	
3153	54468	
3154	53560	
3155	53544	
3156	56063	
3157	56369	
3158	53988	
3159	54047	
3160	55993	
3161	56007	
3162	54016	
3163	54762	
3164	56709	
3165	56459	
3166	53880	
3167	53720	
3168	56530	
3169	56421	
3170	54370	
3171	54780	
3172	56689	
3173	56853	
3174	54973	
3175	54918	
3176	57139	
3177	56988	
3178	55246	
3179	55009	
3180	57213	
3181	57644	
3182	54966	
3183	54914	
3184	56191	
3185	56126	
3186	55443	
3187	55705	
3188	57831	
3189	57841	
3190	55189	
3191	55174	
3192	57980	
3193	57701	
3194	55685	
3195	55998	
3196	57829	
3197	57948	
3198	55059	
3199	54687	
3200	57283	
3201	57196	
3202	54121	
3203	54193	
3204	54366	
3205	54551	
3206	56318	
3207	55894	
3208	59020	
3209	58301	
3210	56787	
3211	56485	
3212	58945	
3213	58679	
3214	56554	
3215	56474	
3216	58442	
3217	58676	
3218	56603	
3219	57254	
3220	59362	
3221	59650	
3222	57054	
3223	57340	
3224	59537	
3225	59105	
3226	57428	
3227	57536	
3228	59793	
3229	60358	
3230	57055	
3231	57300	
3232	59426	
3233	59866	
3234	58368	
3235	58097	
3236	60742	
3237	60622	
3238	57890	
3239	58147	
3240	60800	
3241	60696	
3242	58975	
3243	58946	
3244	61340	
3245	60685	
3246	58571	
3247	58383	
3248	60937	
3249	61096	
3250	58012	
3251	58148	
3252	61841	
3253	61664	
3254	59154	
3255	59805	
3256	61785	
3257	61945	
3258	60269	
3259	59948	
3260	62772	
3261	62692	
3262	59438	
3263	59509	
3264	62990	
3265	62673	
3266	61111	
3267	61664	
3268	64411	
3269	64083	
3270	62074	
3271	62042	
3272	65413	
3273	64783	
3274	63230	
3275	63703	
3276	66186	
3277	66165	
3278	63874	
3279	63582	
3280	66943	
3281	67046	
3282	64836	
3283	64820	
3284	68769	
3285	68835	
3286	66538	
3287	66259	
3288	69869	
3289	69786	
3290	68603	
3291	68698	
3292	72008	
3293	71878	
3294	69370	
3295	69015	
3296	73666	
3297	72922	
3298	71867	
3299	71861	
3300	75410	
3301	74833	
3302	72907	
3303	73245	
3304	77491	
3305	76797	
3306	74892	
3307	75561	
3308	79013	
3309	78556	
3310	76736	
3311	75897	
3312	79756	
3313	79434	
3314	77865	
3315	78200	
3316	82160	
3317	81861	
3318	78879	
3319	78161	
3320	82403	
3321	82283	
3322	80077	
3323	79606	
3324	82952	
3325	83020	
3326	77101	
3327	77297	
3328	81654	
3329	82413	
3330	79963	
3331	80171	
3332	83100	
3333	83004	
3334	79449	
3335	78933	
3336	82019	
3337	81420	
3338	78791	
3339	78767	
3340	80934	
3341	81552	
3342	76971	
3343	76897	
3344	78608	
3345	78407	
3346	75878	
3347	76259	
3348	78411	
3349	78688	
3350	74626	
3351	74730	
3352	76804	
3353	77119	
3354	73364	
3355	72823	
3356	75097	
3357	75258	
3358	70781	
3359	70938	
3360	73200	
3361	73537	
3362	70424	
3363	70290	
3364	72456	
3365	72614	
3366	68998	
3367	68442	
3368	70510	
3369	70823	
3370	68535	
3371	67940	
3372	70229	
3373	70023	
3374	66821	
3375	66274	
3376	68449	
3377	68015	
3378	66312	
3379	66332	
3380	68601	
3381	68747	
3382	65026	
3383	64787	
3384	67899	
3385	67479	
3386	65079	
3387	65155	
3388	67236	
3389	67480	
3390	63557	
3391	63398	
3392	66621	
3393	67095	
3394	64680	
3395	64745	
3396	66849	
3397	67487	
3398	64013	
3399	64506	
3400	66820	
3401	66833	
3402	64432	
3403	64066	
3404	66715	
3405	66510	
3406	63840	
3407	63708	
3408	65293	
3409	65435	
3410	64707	
3411	64809	
3412	66725	
3413	66905	
3414	64178	
3415	63746	
3416	66757	
3417	67265	
3418	63908	
3419	64374	
3420	66491	
3421	66916	
3422	63710	
3423	64035	
3424	66749	
3425	66470	
3426	64775	
3427	64586	
3428	67116	
3429	67611	
3430	64399	
3431	64704	
3432	66951	
3433	66996	
3434	64945	
3435	65005	
3436	67482	
3437	66901	
3438	64109	
3439	64331	
3440	65649	
3441	65678	
3442	65167	
3443	64721	
3444	67081	
3445	67327	
3446	64132	
3447	64640	
3448	66886	
3449	67124	
3450	65060	
3451	64629	
3452	67121	
3453	67936	
3454	63069	
3455	63605	
3456	65926	
3457	65391	
3458	59655	
3459	59684	
3460	67250	
3461	67519	
3462	64320	
3463	64977	
3464	67525	
3465	67428	
3466	64905	
3467	65217	
3468	67301	
3469	67293	
3470	64656	
3471	64772	
3472	66705	
3473	66742	
3474	65342	
3475	64603	
3476	67334	
3477	67355	
3478	64256	
3479	64621	
3480	67480	
3481	67229	
3482	65276	
3483	64971	
3484	67250	
3485	67488	
3486	63693	
3487	64062	
3488	67092	
3489	66882	
3490	65026	
3491	64766	
3492	67136	
3493	67372	
3494	64364	
3495	64026	
3496	67286	
3497	67134	
3498	65274	
3499	65300	
3500	67500	
3501	67583	
3502	64192	
3503	64851	
3504	66879	
3505	67272	
3506	63943	
3507	64088	
3508	67283	
3509	67669	
3510	64143	
3511	64307	
3512	67117	
3513	67048	
3514	64953	
3515	64966	
3516	67164	
3517	67648	
3518	63311	
3519	63617	
3520	66728	
3521	66738	
3522	64837	
3523	64871	
3524	67566	
3525	67700	
3526	64612	
3527	64497	
3528	67279	
3529	67106	
3530	65586	
3531	65239	
3532	67280	
3533	67593	
3534	64785	
3535	64268	
3536	67140	
3537	67115	
3538	64017	
3539	64272	
3540	67756	
3541	67784	
3542	64444	
3543	64533	
3544	67517	
3545	67339	
3546	65101	
3547	65073	
3548	67540	
3549	67360	
3550	63866	
3551	63826	
3552	67465	
3553	67206	
3554	64580	
3555	65153	
3556	67567	
3557	67467	
3558	64842	
3559	64436	
3560	66973	
3561	67110	
3562	65161	
3563	65103	
3564	67901	
3565	67761	
3566	64572	
3567	64627	
3568	66234	
3569	66347	
3570	65308	
3571	64860	
3572	67671	
3573	66716	
3574	64515	
3575	64508	
3576	67190	
3577	67438	
3578	65055	
3579	64903	
3580	67580	
3581	67050	
3582	62666	
3583	62641	
3584	66694	
3585	66253	
3586	65093	
3587	64859	
3588	66825	
3589	66856	
3590	64596	
3591	64374	
3592	67336	
3593	67373	
3594	64849	
3595	64624	
3596	66960	
3597	66981	
3598	64155	
3599	64132	
3600	65725	
3601	65881	
3602	64546	
3603	64304	
3604	66710	
3605	66889	
3606	63842	
3607	63717	
3608	66293	
3609	66695	
3610	64514	
3611	64525	
3612	66566	
3613	66822	
3614	63208	
3615	63264	
3616	66409	
3617	66749	
3618	64058	
3619	64241	
3620	66327	
3621	66024	
3622	63840	
3623	63600	
3624	67100	
3625	66589	
3626	63846	
3627	64010	
3628	66859	
3629	66618	
3630	63600	
3631	63405	
3632	65970	
3633	66288	
3634	63765	
3635	64080	
3636	65986	
3637	66192	
3638	63297	
3639	63639	
3640	66135	
3641	66075	
3642	63615	
3643	64035	
3644	66429	
3645	65462	
3646	62103	
3647	62521	
3648	65065	
3649	65073	
3650	63969	
3651	63816	
3652	65734	
3653	66232	
3654	63121	
3655	62698	
3656	65969	
3657	65707	
3658	63535	
3659	63614	
3660	65578	
3661	65473	
3662	62896	
3663	63305	
3664	64084	
3665	63952	
3666	63520	
3667	62808	
3668	65974	
3669	65748	
3670	62769	
3671	62592	
3672	65106	
3673	65306	
3674	62962	
3675	63257	
3676	65381	
3677	65393	
3678	62285	
3679	62583	
3680	65366	
3681	64834	
3682	63001	
3683	63432	
3684	65061	
3685	65233	
3686	62457	
3687	62335	
3688	65003	
3689	64789	
3690	63050	
3691	62572	
3692	64855	
3693	65488	
3694	61712	
3695	62234	
3696	63235	
3697	63419	
3698	62064	
3699	62601	
3700	64673	
3701	65185	
3702	61662	
3703	61840	
3704	64543	
3705	64526	
3706	62685	
3707	62614	
3708	64320	
3709	64468	
3710	60463	
3711	60255	
3712	55601	
3713	56185	
3714	61955	
3715	62293	
3716	64510	
3717	64384	
3718	61726	
3719	61427	
3720	64061	
3721	64734	
3722	61986	
3723	62267	
3724	64686	
3725	64519	
3726	61618	
3727	61519	
3728	63356	
3729	63180	
3730	61616	
3731	61529	
3732	63972	
3733	64503	
3734	61082	
3735	61060	
3736	64090	
3737	63313	
3738	61691	
3739	61542	
3740	63983	
3741	64499	
3742	60568	
3743	60474	
3744	62918	
3745	62954	
3746	61181	
3747	61381	
3748	63694	
3749	63471	
3750	61104	
3751	60589	
3752	63190	
3753	63330	
3754	60926	
3755	61221	
3756	63149	
3757	63459	
3758	60962	
3759	60497	
3760	63022	
3761	63094	
3762	60140	
3763	59792	
3764	63238	
3765	63715	
3766	60441	
3767	60629	
3768	62937	
3769	62681	
3770	60759	
3771	61334	
3772	63095	
3773	62721	
3774	59362	
3775	59600	
3776	62257	
3777	62059	
3778	60919	
3779	60629	
3780	63218	
3781	63208	
3782	60123	
3783	60129	
3784	62955	
3785	62398	
3786	59966	
3787	60519	
3788	62566	
3789	62788	
3790	60138	
3791	59676	
3792	62118	
3793	62453	
3794	59180	
3795	59241	
3796	62721	
3797	62413	
3798	59955	
3799	59754	
3800	62383	
3801	62238	
3802	60092	
3803	60138	
3804	62819	
3805	62345	
3806	58818	
3807	58946	
3808	62045	
3809	62321	
3810	59568	
3811	59916	
3812	62788	
3813	62186	
3814	59694	
3815	59723	
3816	62346	
3817	61924	
3818	60056	
3819	60047	
3820	62156	
3821	62052	
3822	59170	
3823	58917	
3824	61304	
3825	61793	
3826	59739	
3827	60106	
3828	62381	
3829	62054	
3830	59823	
3831	59209	
3832	61663	
3833	61661	
3834	59753	
3835	59926	
3836	62127	
3837	62356	
3838	57804	
3839	57545	
3840	60521	
3841	61264	
3842	60205	
3843	59496	
3844	62087	
3845	62233	
3846	58933	
3847	59359	
3848	61680	
3849	61824	
3850	59547	
3851	59707	
3852	61806	
3853	61774	
3854	59124	
3855	59302	
3856	60456	
3857	60361	
3858	59135	
3859	59829	
3860	61218	
3861	61556	
3862	59040	
3863	58180	
3864	61299	
3865	61246	
3866	59651	
3867	59628	
3868	61444	
3869	61579	
3870	57640	
3871	58214	
3872	61072	
3873	61099	
3874	59050	
3875	59344	
3876	61267	
3877	61853	
3878	58410	
3879	58832	
3880	61133	
3881	61679	
3882	58994	
3883	59369	
3884	61006	
3885	61365	
3886	58639	
3887	58590	
3888	60796	
3889	61122	
3890	58854	
3891	59054	
3892	61814	
3893	61634	
3894	58718	
3895	58543	
3896	61766	
3897	61385	
3898	60022	
3899	59684	
3900	61936	
3901	62547	
3902	59295	
3903	58764	
3904	62580	
3905	62195	
3906	61041	
3907	60880	
3908	63918	
3909	63914	
3910	61218	
3911	61247	
3912	64578	
3913	64499	
3914	62932	
3915	62933	
3916	65653	
3917	65820	
3918	63806	
3919	63286	
3920	65947	
3921	64997	
3922	65888	
3923	65793	
3924	68507	
3925	69109	
3926	66917	
3927	66822	
3928	70647	
3929	70972	
3930	69038	
3931	69974	
3932	72735	
3933	72800	
3934	70236	
3935	69871	
3936	74451	
3937	74505	
3938	72796	
3939	72283	
3940	76752	
3941	76564	
3942	74019	
3943	74419	
3944	78262	
3945	78836	
3946	76672	
3947	76491	
3948	80513	
3949	80432	
3950	77074	
3951	77189	
3952	79430	
3953	79302	
3954	78775	
3955	79129	
3956	82103	
3957	82235	
3958	78310	
3959	78420	
3960	82783	
3961	82465	
3962	80185	
3963	79608	
3964	82907	
3965	82864	
3966	76944	
3967	76943	
3968	78631	
3969	78699	
3970	77097	
3971	76699	
3972	81175	
3973	81303	
3974	77301	
3975	77730	
3976	80020	
3977	80007	
3978	76225	
3979	76423	
3980	78439	
3981	78153	
3982	73411	
3983	73634	
3984	75061	
3985	75345	
3986	72555	
3987	72597	
3988	74369	
3989	73877	
3990	70197	
3991	69850	
3992	71777	
3993	72093	
3994	68610	
3995	68137	
3996	69642	
3997	69946	
3998	65262	
3999	65260	
4000	67553	
4001	67625	
4002	64771	
4003	64697	
4004	65755	
4005	65717	
4006	62202	
4007	62145	
4008	64427	
4009	63496	
4010	61228	
4011	60837	
4012	62691	
4013	62501	
4014	58759	
4015	59254	
4016	61218	
4017	61082	
4018	57383	
4019	57398	
4020	60229	
4021	60480	
4022	57234	
4023	56496	
4024	58690	
4025	58441	
4026	57036	
4027	56297	
4028	58716	
4029	57960	
4030	54354	
4031	54342	
4032	56797	
4033	57273	
4034	55426	
4035	55303	
4036	57151	
4037	57214	
4038	54504	
4039	54716	
4040	56460	
4041	56049	
4042	54131	
4043	54016	
4044	56366	
4045	56492	
4046	53220	
4047	53268	
4048	55519	
4049	55888	
4050	52769	
4051	52814	
4052	55722	
4053	55644	
4054	53038	
4055	53553	
4056	55447	
4057	55051	
4058	53451	
4059	53245	
4060	55444	
4061	55397	
4062	52161	
4063	52143	
4064	54586	
4065	54639	
4066	53165	
4067	52752	
4068	54884	
4069	54966	
4070	52564	
4071	52343	
4072	54732	
4073	54368	
4074	52821	
4075	52579	
4076	54830	
4077	54855	
4078	51962	
4079	51588	
4080	53874	
4081	53615	
4082	52228	
4083	52490	
4084	54155	
4085	54537	
4086	51459	
4087	51527	
4088	53584	
4089	53892	
4090	52315	
4091	51584	
4092	53936	
4093	54174	
4094	49258	
4095	49093	
4096	52600	
4097	52517	
4098	51908	
4099	51703	
4100	53066	
4101	53497	
4102	51083	
4103	51303	
4104	53024	
4105	52921	
4106	51346	
4107	51373	
4108	52800	
4109	52842	
4110	50218	
4111	50393	
4112	52101	
4113	52036	
4114	51078	
4115	50586	
4116	52989	
4117	52299	
4118	50132	
4119	50309	
4120	52134	
4121	52003	
4122	50323	
4123	50545	
4124	52180	
4125	51599	
4126	49195	
4127	49331	
4128	51461	
4129	51740	
4130	49715	
4131	49592	
4132	51302	
4133	51424	
4134	49203	
4135	49265	
4136	51176	
4137	51003	
4138	49535	
4139	49200	
4140	51327	
4141	51153	
4142	48686	
4143	48500	
4144	50468	
4145	50097	
4146	48490	
4147	48847	
4148	50709	
4149	51036	
4150	48418	
4151	48498	
4152	50435	
4153	50630	
4154	48578	
4155	48690	
4156	50672	
4157	50762	
4158	47083	
4159	47308	
4160	49577	
4161	49850	
4162	48475	
4163	47860	
4164	49789	
4165	49992	
4166	47876	
4167	47642	
4168	49643	
4169	49684	
4170	47750	
4171	47776	
4172	49775	
4173	49902	
4174	47182	
4175	46997	
4176	48260	
4177	48120	
4178	47462	
4179	47456	
4180	49274	
4181	49169	
4182	46819	
4183	46930	
4184	49191	
4185	49166	
4186	47249	
4187	47447	
4188	48607	
4189	49024	
4190	45959	
4191	46101	
4192	48315	
4193	48553	
4194	46776	
4195	46998	
4196	48567	
4197	48547	
4198	46278	
4199	46438	
4200	48154	
4201	48517	
4202	46314	
4203	46102	
4204	47943	
4205	48375	
4206	46159	
4207	45786	
4208	46871	
4209	46877	
4210	46095	
4211	46166	
4212	47833	
4213	47780	
4214	45792	
4215	45574	
4216	47489	
4217	47252	
4218	44009	
4219	44272	
4220	45219	
4221	45387	
4222	44016	
4223	44265	
4224	46937	
4225	46711	
4226	45393	
4227	45557	
4228	47281	
4229	46841	
4230	44914	
4231	45588	
4232	46996	
4233	47192	
4234	45422	
4235	44773	
4236	46804	
4237	46912	
4238	44263	
4239	44337	
4240	46086	
4241	46171	
4242	44683	
4243	44765	
4244	46794	
4245	46467	
4246	44729	
4247	44034	
4248	45939	
4249	46309	
4250	44239	
4251	44360	
4252	45997	
4253	45979	
4254	44176	
4255	43892	
4256	45607	
4257	45734	
4258	44177	
4259	43741	
4260	45847	
4261	45428	
4262	43530	
4263	43712	
4264	45800	
4265	45421	
4266	43755	
4267	43956	
4268	45389	
4269	45724	
4270	43708	
4271	43212	
4272	45138	
4273	44903	
4274	43099	
4275	42434	
4276	44674	
4277	45106	
4278	43192	
4279	42976	
4280	44731	
4281	45120	
4282	43219	
4283	42948	
4284	44631	
4285	44600	
4286	41911	
4287	41992	
4288	44458	
4289	44016	
4290	43118	
4291	43069	
4292	44441	
4293	44350	
4294	42396	
4295	42502	
4296	43991	
4297	44027	
4298	42743	
4299	42471	
4300	44161	
4301	44038	
4302	42001	
4303	41853	
4304	43244	
4305	43667	
4306	41297	
4307	41603	
4308	43956	
4309	43557	
4310	41817	
4311	41877	
4312	43476	
4313	43249	
4314	41870	
4315	42031	
4316	43583	
4317	43183	
4318	40922	
4319	40975	
4320	43058	
4321	43106	
4322	41571	
4323	41671	
4324	43032	
4325	43173	
4326	41279	
4327	41269	
4328	42737	
4329	42749	
4330	41688	
4331	41651	
4332	42924	
4333	43411	
4334	40469	
4335	40939	
4336	42544	
4337	42102	
4338	41584	
4339	41124	
4340	42283	
4341	42553	
4342	40433	
4343	40362	
4344	42405	
4345	42305	
4346	41140	
4347	41009	
4348	42234	
4349	42232	
4350	39320	
4351	39428	
4352	42053	
4353	41652	
4354	40377	
4355	40501	
4356	41914	
4357	41952	
4358	40130	
4359	40491	
4360	41881	
4361	42062	
4362	40594	
4363	40823	
4364	42174	
4365	42101	
4366	40168	
4367	39921	
4368	41192	
4369	41346	
4370	40413	
4371	40188	
4372	42097	
4373	41769	
4374	40031	
4375	39973	
4376	41845	
4377	41669	
4378	40251	
4379	40217	
4380	41877	
4381	42108	
4382	40014	
4383	39910	
4384	41273	
4385	41905	
4386	40633	
4387	40411	
4388	42495	
4389	42064	
4390	40633	
4391	40126	
4392	42110	
4393	42453	
4394	40946	
4395	40837	
4396	42445	
4397	42523	
4398	40471	
4399	40609	
4400	42059	
4401	41703	
4402	41074	
4403	40995	
4404	42470	
4405	42567	
4406	40893	
4407	40872	
4408	42456	
4409	43029	
4410	41587	
4411	41171	
4412	42736	
4413	42809	
4414	40546	
4415	40510	
4416	42167	
4417	42816	
4418	41326	
4419	41343	
4420	42919	
4421	43014	
4422	41283	
4423	41346	
4424	42605	
4425	42778	
4426	41385	
4427	41317	
4428	42576	
4429	42983	
4430	40648	
4431	40800	
4432	41362	
4433	41628	
4434	41450	
4435	41033	
4436	42028	
4437	42298	
4438	40518	
4439	40405	
4440	41941	
4441	41810	
4442	40548	
4443	40501	
4444	41773	
4445	41922	
4446	39613	
4447	39715	
4448	41429	
4449	40921	
4450	40026	
4451	39797	
4452	40987	
4453	40704	
4454	39040	
4455	39621	
4456	40654	
4457	40433	
4458	38892	
4459	39254	
4460	40244	
4461	40519	
4462	37982	
4463	37831	
4464	39221	
4465	38609	
4466	37911	
4467	38081	
4468	39704	
4469	39758	
4470	37602	
4471	37454	
4472	38857	
4473	38410	
4474	37594	
4475	37398	
4476	37663	
4477	37416	
4478	35670	
4479	35688	
4480	38089	
4481	37595	
4482	36655	
4483	36465	
4484	37427	
4485	37895	
4486	35816	
4487	36314	
4488	37178	
4489	37441	
4490	35971	
4491	35966	
4492	37196	
4493	37276	
4494	35305	
4495	35321	
4496	36433	
4497	36079	
4498	35569	
4499	35805	
4500	37126	
4501	36675	
4502	34556	
4503	34855	
4504	36101	
4505	36222	
4506	34970	
4507	35221	
4508	35897	
4509	36416	
4510	34151	
4511	33939	
4512	35526	
4513	35707	
4514	34945	
4515	34645	
4516	36049	
4517	35757	
4518	34352	
4519	34532	
4520	35656	
4521	35506	
4522	34134	
4523	34119	
4524	35544	
4525	35500	
4526	33653	
4527	33667	
4528	35142	
4529	35169	
4530	33547	
4531	33006	
4532	35567	
4533	35226	
4534	33616	
4535	33709	
4536	35157	
4537	35123	
4538	34035	
4539	33867	
4540	35061	
4541	34616	
4542	33009	
4543	33102	
4544	34526	
4545	34855	
4546	33679	
4547	33452	
4548	34967	
4549	35302	
4550	33557	
4551	33392	
4552	34886	
4553	34928	
4554	33624	
4555	33523	
4556	34387	
4557	35227	
4558	33165	
4559	33435	
4560	35084	
4561	34819	
4562	33365	
4563	33162	
4564	35252	
4565	34945	
4566	33317	
4567	33370	
4568	35186	
4569	35154	
4570	34130	
4571	33860	
4572	35093	
4573	35404	
4574	33772	
4575	33490	
4576	35174	
4577	35554	
4578	34468	
4579	34461	
4580	35621	
4581	35720	
4582	34168	
4583	34428	
4584	35883	
4585	35959	
4586	34837	
4587	34862	
4588	36122	
4589	35984	
4590	34913	
4591	34705	
4592	35792	
4593	36058	
4594	35326	
4595	35475	
4596	36803	
4597	36611	
4598	35116	
4599	34902	
4600	36898	
4601	36924	
4602	35829	
4603	35564	
4604	36858	
4605	36847	
4606	34357	
4607	34827	
4608	36640	
4609	36843	
4610	35908	
4611	35937	
4612	36969	
4613	37007	
4614	35402	
4615	35548	
4616	37401	
4617	37329	
4618	36151	
4619	35919	
4620	37274	
4621	37594	
4622	35468	
4623	35489	
4624	36444	
4625	36293	
4626	35032	
4627	35666	
4628	37021	
4629	36649	
4630	34669	
4631	34709	
4632	36134	
4633	36133	
4634	34960	
4635	34873	
4636	35961	
4637	36151	
4638	34099	
4639	33918	
4640	35741	
4641	35711	
4642	34483	
4643	34158	
4644	35103	
4645	35318	
4646	33156	
4647	33424	
4648	34896	
4649	34791	
4650	33253	
4651	33279	
4652	34654	
4653	34259	
4654	32400	
4655	32461	
4656	33358	
4657	33320	
4658	32625	
4659	32377	
4660	33345	
4661	33464	
4662	31641	
4663	31521	
4664	32963	
4665	32997	
4666	31845	
4667	31532	
4668	32836	
4669	32426	
4670	30483	
4671	30227	
4672	31641	
4673	31845	
4674	30841	
4675	30769	
4676	31512	
4677	31962	
4678	30339	
4679	30518	
4680	31324	
4681	31552	
4682	30666	
4683	30316	
4684	31421	
4685	31215	
4686	29659	
4687	29566	
4688	30528	
4689	30781	
4690	30320	
4691	30354	
4692	31012	
4693	31201	
4694	29517	
4695	29543	
4696	30897	
4697	31258	
4698	29738	
4699	30429	
4700	30898	
4701	31192	
4702	29422	
4703	29634	
4704	30727	
4705	30796	
4706	29756	
4707	30121	
4708	30941	
4709	30879	
4710	29855	
4711	29725	
4712	30871	
4713	30846	
4714	29859	
4715	29796	
4716	31086	
4717	31224	
4718	29598	
4719	29306	
4720	30200	
4721	30113	
4722	29537	
4723	29747	
4724	30736	
4725	30755	
4726	29415	
4727	29553	
4728	28362	
4729	28334	
4730	26933	
4731	26872	
4732	30970	
4733	30619	
4734	28672	
4735	28738	
4736	30343	
4737	30517	
4738	29796	
4739	29732	
4740	30555	
4741	30902	
4742	29301	
4743	29616	
4744	30719	
4745	31217	
4746	29824	
4747	29752	
4748	30811	
4749	30450	
4750	29160	
4751	29115	
4752	30269	
4753	30240	
4754	29347	
4755	29415	
4756	30581	
4757	30402	
4758	29211	
4759	28988	
4760	30044	
4761	30331	
4762	29281	
4763	29052	
4764	30280	
4765	30464	
4766	28681	
4767	28742	
4768	30040	
4769	30024	
4770	28672	
4771	28872	
4772	29807	
4773	30073	
4774	28516	
4775	28929	
4776	29708	
4777	29545	
4778	28386	
4779	28683	
4780	29761	
4781	29843	
4782	28168	
4783	28257	
4784	29321	
4785	29190	
4786	27707	
4787	27881	
4788	29175	
4789	29486	
4790	27971	
4791	27889	
4792	29031	
4793	29024	
4794	27791	
4795	28353	
4796	29138	
4797	29075	
4798	27579	
4799	27437	
4800	28801	
4801	29003	
4802	28188	
4803	28109	
4804	28834	
4805	29216	
4806	27765	
4807	27585	
4808	28870	
4809	28921	
4810	27830	
4811	27675	
4812	28935	
4813	28939	
4814	27213	
4815	27565	
4816	28490	
4817	28495	
4818	27007	
4819	26939	
4820	28825	
4821	28798	
4822	27680	
4823	27099	
4824	28566	
4825	28619	
4826	27873	
4827	28003	
4828	28500	
4829	28849	
4830	27436	
4831	27396	
4832	28628	
4833	28783	
4834	27714	
4835	27722	
4836	29024	
4837	28846	
4838	27688	
4839	27562	
4840	28649	
4841	29172	
4842	28010	
4843	27938	
4844	28967	
4845	29064	
4846	27872	
4847	27455	
4848	28770	
4849	28729	
4850	28322	
4851	28117	
4852	29178	
4853	29274	
4854	28107	
4855	27699	
4856	29261	
4857	29183	
4858	28322	
4859	28612	
4860	29177	
4861	29756	
4862	27007	
4863	27370	
4864	29389	
4865	29439	
4866	28514	
4867	28412	
4868	29939	
4869	29750	
4870	29037	
4871	28859	
4872	30168	
4873	30412	
4874	29439	
4875	29272	
4876	30377	
4877	30261	
4878	29231	
4879	29375	
4880	30201	
4881	30096	
4882	29490	
4883	29923	
4884	31096	
4885	30400	
4886	29727	
4887	29751	
4888	31031	
4889	31589	
4890	30780	
4891	30404	
4892	32239	
4893	31690	
4894	30101	
4895	30229	
4896	31972	
4897	32122	
4898	30914	
4899	30837	
4900	32765	
4901	32317	
4902	31052	
4903	31028	
4904	32565	
4905	32583	
4906	31431	
4907	31534	
4908	32736	
4909	32968	
4910	31394	
4911	31652	
4912	32941	
4913	32880	
4914	32253	
4915	32073	
4916	33423	
4917	33276	
4918	31910	
4919	32169	
4920	33343	
4921	33752	
4922	32560	
4923	32337	
4924	33473	
4925	33551	
4926	31604	
4927	31670	
4928	33700	
4929	33629	
4930	32664	
4931	32408	
4932	34246	
4933	33467	
4934	32270	
4935	32583	
4936	33592	
4937	33705	
4938	32168	
4939	32595	
4940	33825	
4941	33488	
4942	32153	
4943	32421	
4944	32710	
4945	32771	
4946	32673	
4947	32445	
4948	33564	
4949	33596	
4950	31898	
4951	31591	
4952	33343	
4953	33692	
4954	32085	
4955	32213	
4956	33525	
4957	33155	
4958	31839	
4959	31629	
4960	33304	
4961	33312	
4962	32477	
4963	31929	
4964	33082	
4965	33446	
4966	31879	
4967	31365	
4968	33065	
4969	33333	
4970	32188	
4971	31946	
4972	33245	
4973	33206	
4974	31696	
4975	31585	
4976	31923	
4977	32460	
4978	31620	
4979	32001	
4980	32968	
4981	33426	
4982	31681	
4983	31692	
4984	33132	
4985	33325	
4986	29778	
4987	30066	
4988	33688	
4989	33650	
4990	31541	
4991	31151	
4992	33345	
4993	32875	
4994	32481	
4995	32617	
4996	33654	
4997	33893	
4998	32263	
4999	32392	
5000	34054	
5001	33739	
5002	33158	
5003	33173	
5004	34272	
5005	34408	
5006	32897	
5007	33040	
5008	34256	
5009	34093	
5010	33574	
5011	33448	
5012	34987	
5013	35016	
5014	33577	
5015	33508	
5016	35337	
5017	35080	
5018	34219	
5019	34466	
5020	35997	
5021	35594	
5022	34102	
5023	33907	
5024	36194	
5025	36343	
5026	35002	
5027	35312	
5028	36862	
5029	36877	
5030	35430	
5031	35619	
5032	37337	
5033	37482	
5034	36793	
5035	36718	
5036	38270	
5037	38071	
5038	36788	
5039	36819	
5040	38738	
5041	38447	
5042	36857	
5043	37021	
5044	39604	
5045	40029	
5046	38007	
5047	38121	
5048	40024	
5049	40388	
5050	39542	
5051	39133	
5052	41668	
5053	41262	
5054	39181	
5055	38996	
5056	41945	
5057	41909	
5058	41502	
5059	41314	
5060	43328	
5061	43397	
5062	42156	
5063	42210	
5064	44462	
5065	44443	
5066	43906	
5067	43549	
5068	46271	
5069	46080	
5070	44667	
5071	44884	
5072	47358	
5073	47301	
5074	45846	
5075	45834	
5076	49414	
5077	49354	
5078	48189	
5079	48054	
5080	50769	
5081	51074	
5082	50208	
5083	50268	
5084	53420	
5085	53605	
5086	51317	
5087	52070	
5088	55537	
5089	55468	
5090	54562	
5091	55084	
5092	57750	
5093	58403	
5094	56495	
5095	56834	
5096	60288	
5097	60439	
5098	59990	
5099	60066	
5100	64482	
5101	63452	
5102	62106	
5103	62224	
5104	66062	
5105	65896	
5106	66314	
5107	66159	
5108	70526	
5109	70930	
5110	68817	
5111	68988	
5112	74204	
5113	74185	
5114	73125	
5115	73488	
5116	78046	
5117	78486	
5118	73704	
5119	74126	
5120	81607	
5121	81064	
5122	81458	
5123	81975	
5124	86600	
5125	86504	
5126	85132	
5127	85532	
5128	91664	
5129	90936	
5130	90839	
5131	90756	
5132	96654	
5133	96629	
5134	94766	
5135	94614	
5136	99324	
5137	99158	
5138	101605	
5139	100548	
5140	107252	
5141	106375	
5142	104677	
5143	104773	
5144	112140	
5145	111900	
5146	111242	
5147	111328	
5148	118327	
5149	118603	
5150	115136	
5151	114925	
5152	123037	
5153	123249	
5154	122766	
5155	122315	
5156	129435	
5157	129868	
5158	126637	
5159	127345	
5160	135058	
5161	134740	
5162	132568	
5163	133464	
5164	140661	
5165	141135	
5166	136413	
5167	136383	
5168	145270	
5169	145333	
5170	143410	
5171	143351	
5172	151235	
5173	151296	
5174	147170	
5175	147285	
5176	156426	
5177	155951	
5178	153364	
5179	154054	
5180	161122	
5181	161207	
5182	153973	
5183	153608	
5184	163831	
5185	164262	
5186	162049	
5187	161532	
5188	169251	
5189	169764	
5190	163772	
5191	164539	
5192	171850	
5193	172587	
5194	168908	
5195	168271	
5196	175499	
5197	176158	
5198	169175	
5199	169149	
5200	173343	
5201	173059	
5202	172043	
5203	172927	
5204	180252	
5205	180490	
5206	172154	
5207	173119	
5208	181523	
5209	180870	
5210	175044	
5211	176207	
5212	182027	
5213	182022	
5214	173437	
5215	172178	
5216	181816	
5217	181811	
5218	174950	
5219	175660	
5220	181891	
5221	181146	
5222	173569	
5223	173013	
5224	179694	
5225	180088	
5226	173328	
5227	173051	
5228	177009	
5229	178424	
5230	168742	
5231	168465	
5232	171823	
5233	170639	
5234	168305	
5235	167764	
5236	172980	
5237	172337	
5238	163010	
5239	163400	
5240	162206	
5241	162385	
5242	154635	
5243	153959	
5244	165494	
5245	165077	
5246	152951	
5247	152197	
5248	159886	
5249	160136	
5250	153652	
5251	152943	
5252	156068	
5253	156361	
5254	146955	
5255	148049	
5256	150518	
5257	151453	
5258	143005	
5259	142594	
5260	146136	
5261	145722	
5262	135440	
5263	135274	
5264	137520	
5265	138591	
5266	131945	
5267	131472	
5268	133992	
5269	134220	
5270	124867	
5271	124895	
5272	127196	
5273	127933	
5274	119933	
5275	120553	
5276	122523	
5277	122044	
5278	112950	
5279	112786	
5280	115165	
5281	115629	
5282	109010	
5283	108810	
5284	109236	
5285	110292	
5286	102342	
5287	102323	
5288	103764	
5289	103823	
5290	97291	
5291	97422	
5292	98264	
5293	97773	
5294	91095	
5295	90717	
5296	92429	
5297	92690	
5298	85202	
5299	84838	
5300	87031	
5301	86931	
5302	81151	
5303	80901	
5304	82181	
5305	82037	
5306	77047	
5307	76743	
5308	77306	
5309	77418	
5310	70321	
5311	70411	
5312	72469	
5313	72443	
5314	68433	
5315	67769	
5316	68662	
5317	68616	
5318	63306	
5319	63960	
5320	64630	
5321	64905	
5322	61074	
5323	60957	
5324	61323	
5325	61311	
5326	56774	
5327	56810	
5328	57480	
5329	58045	
5330	53351	
5331	53538	
5332	54873	
5333	55551	
5334	51426	
5335	51411	
5336	52099	
5337	52543	
5338	49676	
5339	50102	
5340	50545	
5341	51207	
5342	47581	
5343	47125	
5344	49283	
5345	49265	
5346	46408	
5347	46916	
5348	47632	
5349	47907	
5350	45498	
5351	45616	
5352	47164	
5353	47122	
5354	45621	
5355	45068	
5356	46795	
5357	46898	
5358	44879	
5359	44376	
5360	46329	
5361	46494	
5362	45515	
5363	45595	
5364	47912	
5365	47931	
5366	46378	
5367	46021	
5368	49383	
5369	48695	
5370	47483	
5371	47698	
5372	50885	
5373	50891	
5374	47508	
5375	47737	
5376	52420	
5377	52123	
5378	52125	
5379	52698	
5380	55918	
5381	55826	
5382	54663	
5383	54846	
5384	58804	
5385	58309	
5386	58352	
5387	57911	
5388	62293	
5389	62293	
5390	60868	
5391	60934	
5392	64685	
5393	64583	
5394	65373	
5395	64576	
5396	69784	
5397	69838	
5398	68735	
5399	68212	
5400	73799	
5401	73495	
5402	73035	
5403	73319	
5404	77617	
5405	77240	
5406	75621	
5407	75876	
5408	80752	
5409	81894	
5410	80112	
5411	80997	
5412	85320	
5413	85786	
5414	83564	
5415	83129	
5416	89170	
5417	88776	
5418	87056	
5419	87261	
5420	91951	
5421	91690	
5422	88396	
5423	88446	
5424	93145	
5425	92858	
5426	91606	
5427	91343	
5428	95829	
5429	95234	
5430	91282	
5431	91906	
5432	95825	
5433	95662	
5434	92974	
5435	92366	
5436	95801	
5437	95898	
5438	90556	
5439	89818	
5440	94605	
5441	94158	
5442	91309	
5443	90921	
5444	93226	
5445	93367	
5446	87908	
5447	88557	
5448	90628	
5449	90517	
5450	85873	
5451	86142	
5452	87289	
5453	87102	
5454	82219	
5455	81352	
5456	81484	
5457	81410	
5458	77992	
5459	78041	
5460	78209	
5461	79051	
5462	72574	
5463	72948	
5464	73252	
5465	73184	
5466	68550	
5467	68509	
5468	68064	
5469	68786	
5470	61903	
5471	62522	
5472	63267	
5473	62964	
5474	58234	
5475	58189	
5476	57821	
5477	57091	
5478	52488	
5479	52627	
5480	52054	
5481	52323	
5482	48241	
5483	47892	
5484	47087	
5485	47142	
5486	42294	
5487	41978	
5488	41200	
5489	41033	
5490	38286	
5491	38468	
5492	37820	
5493	37804	
5494	32095	
5495	31862	
5496	33852	
5497	33602	
5498	30552	
5499	31035	
5500	30007	
5501	30408	
5502	26739	
5503	26644	
5504	26999	
5505	26926	
5506	24653	
5507	24611	
5508	24501	
5509	24468	
5510	22052	
5511	22135	
5512	22345	
5513	22117	
5514	20139	
5515	20311	
5516	19886	
5517	20001	
5518	18243	
5519	18115	
5520	18183	
5521	18303	
5522	17216	
5523	16984	
5524	17379	
5525	17283	
5526	16024	
5527	15773	
5528	16176	
5529	16073	
5530	15293	
5531	15220	
5532	15438	
5533	15552	
5534	13859	
5535	13966	
5536	14824	
5537	14619	
5538	14010	
5539	13876	
5540	14298	
5541	14231	
5542	13392	
5543	13246	
5544	13706	
5545	14190	
5546	13201	
5547	13315	
5548	13601	
5549	13486	
5550	12991	
5551	12760	
5552	13175	
5553	13216	
5554	12453	
5555	12554	
5556	13134	
5557	13317	
5558	12412	
5559	12619	
5560	13333	
5561	13185	
5562	12690	
5563	12466	
5564	12964	
5565	12997	
5566	12131	
5567	12109	
5568	12850	
5569	12864	
5570	12287	
5571	12252	
5572	12834	
5573	12960	
5574	12161	
5575	12038	
5576	12886	
5577	12781	
5578	12174	
5579	12334	
5580	12681	
5581	12748	
5582	12097	
5583	12363	
5584	12785	
5585	12655	
5586	11851	
5587	11891	
5588	12695	
5589	12929	
5590	12063	
5591	11970	
5592	12795	
5593	12554	
5594	12265	
5595	12335	
5596	12687	
5597	12597	
5598	11937	
5599	12122	
5600	12728	
5601	12562	
5602	12198	
5603	12251	
5604	12693	
5605	12667	
5606	12277	
5607	12086	
5608	12911	
5609	12662	
5610	12083	
5611	12124	
5612	12634	
5613	12795	
5614	12201	
5615	12013	
5616	12565	
5617	12326	
5618	12065	
5619	12301	
5620	12700	
5621	12719	
5622	11994	
5623	12012	
5624	12839	
5625	12580	
5626	12121	
5627	12272	
5628	12656	
5629	12650	
5630	11761	
5631	11596	
5632	12438	
5633	12546	
5634	12215	
5635	12163	
5636	12453	
5637	12636	
5638	12282	
5639	12143	
5640	12707	
5641	12573	
5642	12194	
5643	12406	
5644	12705	
5645	12635	
5646	12173	
5647	12194	
5648	12472	
5649	12553	
5650	12074	
5651	12132	
5652	12529	
5653	12870	
5654	11920	
5655	11980	
5656	12914	
5657	12633	
5658	12263	
5659	12231	
5660	12768	
5661	12743	
5662	12186	
5663	12062	
5664	12868	
5665	12755	
5666	12353	
5667	12290	
5668	12836	
5669	13005	
5670	12522	
5671	12371	
5672	13014	
5673	12901	
5674	12613	
5675	12564	
5676	12935	
5677	13203	
5678	12287	
5679	12237	
5680	12836	
5681	12930	
5682	12698	
5683	12737	
5684	13351	
5685	13293	
5686	12602	
5687	12851	
5688	13399	
5689	13466	
5690	13048	
5691	12980	
5692	13510	
5693	13708	
5694	12769	
5695	13008	
5696	13590	
5697	13724	
5698	13286	
5699	13346	
5700	13758	
5701	13953	
5702	13370	
5703	13201	
5704	14141	
5705	13972	
5706	13690	
5707	13634	
5708	14111	
5709	14507	
5710	13709	
5711	13896	
5712	14332	
5713	14003	
5714	14423	
5715	14272	
5716	14791	
5717	14951	
5718	14483	
5719	14519	
5720	15449	
5721	15287	
5722	14746	
5723	14713	
5724	15702	
5725	15502	
5726	14984	
5727	14848	
5728	15820	
5729	15815	
5730	15410	
5731	15414	
5732	16155	
5733	16003	
5734	15595	
5735	15864	
5736	16636	
5737	16511	
5738	16111	
5739	16293	
5740	16778	
5741	16915	
5742	16085	
5743	16303	
5744	16873	
5745	16926	
5746	16869	
5747	17254	
5748	17789	
5749	17643	
5750	16406	
5751	16387	
5752	18243	
5753	18027	
5754	17886	
5755	17553	
5756	18435	
5757	18626	
5758	17317	
5759	17486	
5760	18757	
5761	18706	
5762	18541	
5763	18567	
5764	19231	
5765	19143	
5766	18535	
5767	18334	
5768	19387	
5769	19734	
5770	18886	
5771	19198	
5772	20129	
5773	19866	
5774	19022	
5775	19109	
5776	19848	
5777	20098	
5778	19719	
5779	19604	
5780	20670	
5781	20346	
5782	19993	
5783	19839	
5784	20904	
5785	20797	
5786	20372	
5787	20226	
5788	21109	
5789	21092	
5790	19865	
5791	19880	
5792	21277	
5793	21185	
5794	20494	
5795	20825	
5796	21427	
5797	21260	
5798	20904	
5799	20534	
5800	21746	
5801	21756	
5802	20903	
5803	20853	
5804	21777	
5805	21683	
5806	20763	
5807	20902	
5808	21618	
5809	21761	
5810	20476	
5811	20417	
5812	21644	
5813	21995	
5814	20636	
5815	20689	
5816	21674	
5817	21627	
5818	20855	
5819	21026	
5820	21529	
5821	21527	
5822	20195	
5823	19986	
5824	21329	
5825	21417	
5826	20674	
5827	20525	
5828	21334	
5829	21255	
5830	20072	
5831	20323	
5832	20871	
5833	20921	
5834	20497	
5835	20356	
5836	20833	
5837	20842	
5838	19560	
5839	19619	
5840	20258	
5841	20208	
5842	18886	
5843	19149	
5844	20199	
5845	19939	
5846	19102	
5847	19052	
5848	20003	
5849	19869	
5850	18952	
5851	19195	
5852	19709	
5853	19552	
5854	18357	
5855	18318	
5856	19128	
5857	18980	
5858	18137	
5859	18062	
5860	18714	
5861	18839	
5862	17655	
5863	17696	
5864	18084	
5865	18123	
5866	17189	
5867	17523	
5868	17633	
5869	17789	
5870	16561	
5871	16680	
5872	17195	
5873	16993	
5874	16474	
5875	16473	
5876	16901	
5877	16984	
5878	15868	
5879	15896	
5880	16546	
5881	16462	
5882	15759	
5883	15595	
5884	15841	
5885	16280	
5886	14580	
5887	14408	
5888	15273	
5889	15226	
5890	14817	
5891	14897	
5892	15009	
5893	14945	
5894	14254	
5895	14200	
5896	14497	
5897	14588	
5898	14102	
5899	13805	
5900	14241	
5901	14338	
5902	13269	
5903	13297	
5904	13329	
5905	13458	
5906	12915	
5907	12775	
5908	13321	
5909	13204	
5910	12602	
5911	12594	
5912	12859	
5913	12929	
5914	12032	
5915	12120	
5916	12541	
5917	12304	
5918	11562	
5919	11570	
5920	12125	
5921	12223	
5922	11388	
5923	11355	
5924	11552	
5925	11760	
5926	10953	
5927	10907	
5928	11251	
5929	11235	
5930	10846	
5931	10780	
5932	11076	
5933	11046	
5934	10298	
5935	10191	
5936	10425	
5937	10679	
5938	10012	
5939	10057	
5940	10203	
5941	10262	
5942	9642	
5943	9659	
5944	9955	
5945	10065	
5946	9473	
5947	9516	
5948	9768	
5949	9789	
5950	8716	
5951	8834	
5952	9264	
5953	9374	
5954	8930	
5955	9105	
5956	9344	
5957	9136	
5958	8477	
5959	8861	
5960	8817	
5961	9037	
5962	8680	
5963	8490	
5964	8583	
5965	8581	
5966	8269	
5967	8081	
5968	8375	
5969	8192	
5970	7852	
5971	8036	
5972	8287	
5973	8090	
5974	7758	
5975	7818	
5976	8098	
5977	7957	
5978	7695	
5979	7575	
5980	7913	
5981	8010	
5982	7490	
5983	7397	
5984	7608	
5985	7858	
5986	7311	
5987	7349	
5988	7508	
5989	7645	
5990	7255	
5991	7159	
5992	7491	
5993	7515	
5994	7146	
5995	7166	
5996	7372	
5997	7433	
5998	7000	
5999	6909	
6000	7087	
6001	6990	
6002	6963	
6003	6914	
6004	7143	
6005	7216	
6006	6392	
6007	6196	
6008	7084	
6009	7117	
6010	6796	
6011	6837	
6012	7199	
6013	7183	
6014	6850	
6015	6698	
6016	7021	
6017	7090	
6018	6932	
6019	6887	
6020	7215	
6021	7305	
6022	6891	
6023	7029	
6024	7260	
6025	7352	
6026	7093	
6027	7198	
6028	7455	
6029	7653	
6030	7083	
6031	7218	
6032	7530	
6033	7526	
6034	7365	
6035	7439	
6036	7822	
6037	7914	
6038	7564	
6039	7682	
6040	8026	
6041	7989	
6042	7830	
6043	7827	
6044	8275	
6045	8449	
6046	7801	
6047	8019	
6048	8461	
6049	8609	
6050	8394	
6051	8286	
6052	8918	
6053	8795	
6054	8499	
6055	8478	
6056	9379	
6057	9100	
6058	8978	
6059	8861	
6060	9339	
6061	9344	
6062	9058	
6063	9098	
6064	9741	
6065	9578	
6066	9026	
6067	9183	
6068	9782	
6069	9858	
6070	9516	
6071	9468	
6072	9835	
6073	9906	
6074	9591	
6075	9708	
6076	10127	
6077	10280	
6078	9638	
6079	9311	
6080	10039	
6081	9993	
6082	9673	
6083	9818	
6084	10116	
6085	10118	
6086	9768	
6087	9740	
6088	9916	
6089	10243	
6090	9757	
6091	9800	
6092	10132	
6093	10037	
6094	9476	
6095	9416	
6096	9683	
6097	9826	
6098	9112	
6099	8959	
6100	9532	
6101	9468	
6102	8858	
6103	8944	
6104	9077	
6105	9085	
6106	8585	
6107	8958	
6108	8947	
6109	8884	
6110	8332	
6111	8164	
6112	8490	
6113	8432	
6114	7907	
6115	8058	
6116	8098	
6117	8167	
6118	7550	
6119	7560	
6120	7587	
6121	7549	
6122	7180	
6123	7113	
6124	7304	
6125	7200	
6126	6919	
6127	6570	
6128	6849	
6129	6805	
6130	6341	
6131	6582	
6132	6662	
6133	6629	
6134	6052	
6135	6034	
6136	6316	
6137	6126	
6138	5773	
6139	5816	
6140	5885	
6141	5868	
6142	5297	
6143	5196	
6144	5468	
6145	5614	
6146	5302	
6147	5209	
6148	5503	
6149	5388	
6150	5058	
6151	5054	
6152	5216	
6153	5285	
6154	5046	
6155	4955	
6156	4993	
6157	5063	
6158	4694	
6159	4785	
6160	4836	
6161	4820	
6162	4650	
6163	4645	
6164	4598	
6165	4984	
6166	4482	
6167	4590	
6168	4743	
6169	4660	
6170	4547	
6171	4384	
6172	4656	
6173	4613	
6174	4353	
6175	4437	
6176	4544	
6177	4557	
6178	4353	
6179	4368	
6180	4470	
6181	4442	
6182	4439	
6183	4376	
6184	4504	
6185	4452	
6186	4348	
6187	4402	
6188	4390	
6189	4450	
6190	4240	
6191	4172	
6192	4275	
6193	4326	
6194	4243	
6195	4105	
6196	4447	
6197	4286	
6198	4178	
6199	4135	
6200	4321	
6201	4226	
6202	4216	
6203	4147	
6204	4261	
6205	4250	
6206	3976	
6207	3947	
6208	4233	
6209	4144	
6210	4061	
6211	4052	
6212	4149	
6213	4146	
6214	3845	
6215	3921	
6216	4010	
6217	4111	
6218	3898	
6219	3945	
6220	4021	
6221	4043	
6222	3786	
6223	3839	
6224	3817	
6225	3851	
6226	3808	
6227	3756	
6228	3903	
6229	3802	
6230	3668	
6231	3724	
6232	3787	
6233	3898	
6234	3663	
6235	3597	
6236	3722	
6237	3736	
6238	3567	
6239	3502	
6240	3693	
6241	3683	
6242	3525	
6243	3541	
6244	3634	
6245	3635	
6246	3491	
6247	3326	
6248	3566	
6249	3450	
6250	3456	
6251	3448	
6252	3396	
6253	3649	
6254	3328	
6255	3278	
6256	3449	
6257	3382	
6258	3317	
6259	3373	
6260	3308	
6261	3394	
6262	3071	
6263	3023	
6264	3334	
6265	3390	
6266	3266	
6267	3269	
6268	3376	
6269	3334	
6270	3188	
6271	3153	
6272	3237	
6273	3318	
6274	3232	
6275	3214	
6276	3351	
6277	3301	
6278	3161	
6279	3222	
6280	3241	
6281	3279	
6282	3158	
6283	3167	
6284	3238	
6285	3272	
6286	3088	
6287	3088	
6288	3170	
6289	3177	
6290	3128	
6291	3006	
6292	3174	
6293	3229	
6294	2987	
6295	3048	
6296	3199	
6297	3148	
6298	3106	
6299	3044	
6300	3211	
6301	3138	
6302	3024	
6303	3072	
6304	3325	
6305	3219	
6306	3005	
6307	3055	
6308	3204	
6309	3130	
6310	2993	
6311	3061	
6312	3184	
6313	3266	
6314	3038	
6315	3086	
6316	3190	
6317	3092	
6318	3049	
6319	3007	
6320	3161	
6321	3081	
6322	2954	
6323	2933	
6324	3233	
6325	3190	
6326	2972	
6327	2915	
6328	3093	
6329	3195	
6330	3083	
6331	2991	
6332	3194	
6333	3069	
6334	2901	
6335	2901	
6336	2958	
6337	3065	
6338	3095	
6339	2878	
6340	3013	
6341	2999	
6342	2819	
6343	2860	
6344	3003	
6345	3023	
6346	2962	
6347	2907	
6348	3058	
6349	3066	
6350	2882	
6351	2850	
6352	2876	
6353	2964	
6354	2917	
6355	2857	
6356	2987	
6357	2969	
6358	2859	
6359	2836	
6360	2948	
6361	2924	
6362	2933	
6363	2905	
6364	2871	
6365	2992	
6366	2747	
6367	2726	
6368	2907	
6369	2870	
6370	2708	
6371	2772	
6372	2940	
6373	2937	
6374	2852	
6375	2834	
6376	2909	
6377	2834	
6378	2770	
6379	2751	
6380	2783	
6381	2911	
6382	2609	
6383	2690	
6384	2737	
6385	2855	
6386	2624	
6387	2689	
6388	2860	
6389	2873	
6390	2697	
6391	2650	
6392	2799	
6393	2723	
6394	2735	
6395	2651	
6396	2757	
6397	2805	
6398	2527	
6399	2622	
6400	2751	
6401	2705	
6402	2652	
6403	2596	
6404	2744	
6405	2674	
6406	2601	
6407	2537	
6408	2551	
6409	2648	
6410	2588	
6411	2662	
6412	2590	
6413	2672	
6414	2547	
6415	2613	
6416	2599	
6417	2546	
6418	2534	
6419	2533	
6420	2698	
6421	2697	
6422	2465	
6423	2461	
6424	2668	
6425	2578	
6426	2426	
6427	2518	
6428	2601	
6429	2607	
6430	2399	
6431	2438	
6432	2625	
6433	2665	
6434	2475	
6435	2562	
6436	2605	
6437	2585	
6438	2455	
6439	2478	
6440	2654	
6441	2613	
6442	2498	
6443	2523	
6444	2443	
6445	2574	
6446	2488	
6447	2398	
6448	2511	
6449	2433	
6450	2364	
6451	2461	
6452	2586	
6453	2527	
6454	2472	
6455	2378	
6456	2592	
6457	2531	
6458	2383	
6459	2434	
6460	2453	
6461	2508	
6462	2356	
6463	2315	
6464	2407	
6465	2437	
6466	2394	
6467	2402	
6468	2497	
6469	2392	
6470	2375	
6471	2398	
6472	2437	
6473	2438	
6474	2356	
6475	2368	
6476	2482	
6477	2530	
6478	2251	
6479	2266	
6480	2338	
6481	2418	
6482	2416	
6483	2311	
6484	2420	
6485	2336	
6486	2308	
6487	2378	
6488	2536	
6489	2457	
6490	2284	
6491	2374	
6492	2407	
6493	2432	
6494	2274	
6495	2232	
6496	2415	
6497	2497	
6498	2338	
6499	2273	
6500	2380	
6501	2338	
6502	2215	
6503	2264	
6504	2417	
6505	2372	
6506	2254	
6507	2311	
6508	2359	
6509	2330	
6510	2259	
6511	2161	
6512	2293	
6513	2343	
6514	2231	
6515	2289	
6516	2324	
6517	2302	
6518	2102	
6519	2136	
6520	2330	
6521	2235	
6522	2258	
6523	2205	
6524	2326	
6525	2288	
6526	2196	
6527	2171	
6528	2240	
6529	2337	
6530	2220	
6531	2263	
6532	2336	
6533	2325	
6534	2236	
6535	2173	
6536	2228	
6537	2196	
6538	2305	
6539	2213	
6540	2294	
6541	2191	
6542	2183	
6543	2176	
6544	2219	
6545	2234	
6546	2248	
6547	2191	
6548	2288	
6549	2275	
6550	2281	
6551	2134	
6552	2202	
6553	2214	
6554	2206	
6555	2099	
6556	2228	
6557	2300	
6558	2100	
6559	2126	
6560	2203	
6561	2192	
6562	2096	
6563	2108	
6564	2307	
6565	2271	
6566	2115	
6567	2069	
6568	2148	
6569	2192	
6570	2067	
6571	2050	
6572	2181	
6573	2188	
6574	2113	
6575	2145	
6576	2194	
6577	2205	
6578	2044	
6579	2041	
6580	2122	
6581	2189	
6582	2112	
6583	2077	
6584	2099	
6585	2123	
6586	1978	
6587	2079	
6588	2130	
6589	2107	
6590	1956	
6591	1915	
6592	2129	
6593	2034	
6594	2069	
6595	2038	
6596	2085	
6597	2132	
6598	2021	
6599	2065	
6600	2094	
6601	2059	
6602	1964	
6603	2031	
6604	2194	
6605	2146	
6606	1916	
6607	1972	
6608	2084	
6609	2116	
6610	1919	
6611	1910	
6612	1991	
6613	2034	
6614	1974	
6615	2002	
6616	1976	
6617	2072	
6618	1919	
6619	1977	
6620	2108	
6621	2010	
6622	1847	
6623	1909	
6624	1951	
6625	2014	
6626	2014	
6627	1950	
6628	1971	
6629	2055	
6630	1870	
6631	1958	
6632	1988	
6633	1998	
6634	1964	
6635	1863	
6636	1952	
6637	1955	
6638	1863	
6639	1842	
6640	1886	
6641	1904	
6642	1851	
6643	1890	
6644	1994	
6645	2040	
6646	1892	
6647	1807	
6648	1945	
6649	1883	
6650	1926	
6651	1906	
6652	1907	
6653	2007	
6654	1834	
6655	1778	
6656	1952	
6657	1915	
6658	1912	
6659	1843	
6660	1932	
6661	1962	
6662	1858	
6663	1880	
6664	1898	
6665	1866	
6666	1908	
6667	1881	
6668	1987	
6669	1901	
6670	1759	
6671	1835	
6672	1906	
6673	1887	
6674	1798	
6675	1764	
6676	1866	
6677	1884	
6678	1815	
6679	1844	
6680	1895	
6681	1955	
6682	1720	
6683	1775	
6684	1795	
6685	1890	
6686	1699	
6687	1811	
6688	1881	
6689	1843	
6690	1858	
6691	1791	
6692	1854	
6693	1802	
6694	1743	
6695	1788	
6696	1867	
6697	1925	
6698	1793	
6699	1799	
6700	1841	
6701	1876	
6702	1748	
6703	1800	
6704	1887	
6705	1855	
6706	1775	
6707	1801	
6708	1868	
6709	1792	
6710	1709	
6711	1715	
6712	1805	
6713	1770	
6714	1821	
6715	1702	
6716	1836	
6717	1848	
6718	1753	
6719	1709	
6720	1792	
6721	1807	
6722	1723	
6723	1691	
6724	1844	
6725	1863	
6726	1750	
6727	1722	
6728	1819	
6729	1822	
6730	1746	
6731	1726	
6732	1891	
6733	1822	
6734	1753	
6735	1735	
6736	1781	
6737	1711	
6738	1718	
6739	1668	
6740	1785	
6741	1797	
6742	1781	
6743	1729	
6744	1770	
6745	1787	
6746	1697	
6747	1749	
6748	1708	
6749	1742	
6750	1674	
6751	1692	
6752	1803	
6753	1749	
6754	1770	
6755	1623	
6756	1746	
6757	1755	
6758	1577	
6759	1647	
6760	1644	
6761	1688	
6762	1689	
6763	1652	
6764	1736	
6765	1693	
6766	1644	
6767	1581	
6768	1654	
6769	1692	
6770	1580	
6771	1611	
6772	1708	
6773	1717	
6774	1387	
6775	1478	
6776	1721	
6777	1751	
6778	1565	
6779	1625	
6780	1686	
6781	1732	
6782	1552	
6783	1558	
6784	1695	
6785	1729	
6786	1654	
6787	1635	
6788	1736	
6789	1637	
6790	1589	
6791	1630	
6792	1659	
6793	1610	
6794	1578	
6795	1631	
6796	1702	
6797	1666	
6798	1542	
6799	1572	
6800	1672	
6801	1647	
6802	1593	
6803	1687	
6804	1656	
6805	1659	
6806	1544	
6807	1608	
6808	1682	
6809	1687	
6810	1522	
6811	1679	
6812	1731	
6813	1620	
6814	1475	
6815	1559	
6816	1617	
6817	1609	
6818	1636	
6819	1587	
6820	1683	
6821	1706	
6822	1486	
6823	1517	
6824	1603	
6825	1615	
6826	1555	
6827	1497	
6828	1594	
6829	1615	
6830	1545	
6831	1491	
6832	1610	
6833	1555	
6834	1480	
6835	1540	
6836	1627	
6837	1623	
6838	1528	
6839	1530	
6840	1601	
6841	1666	
6842	1599	
6843	1522	
6844	1623	
6845	1649	
6846	1505	
6847	1408	
6848	1492	
6849	1654	
6850	1520	
6851	1512	
6852	1609	
6853	1588	
6854	1571	
6855	1512	
6856	1580	
6857	1596	
6858	1532	
6859	1440	
6860	1584	
6861	1606	
6862	1443	
6863	1504	
6864	1538	
6865	1635	
6866	1480	
6867	1494	
6868	1525	
6869	1487	
6870	1515	
6871	1453	
6872	1592	
6873	1569	
6874	1500	
6875	1479	
6876	1519	
6877	1543	
6878	1437	
6879	1479	
6880	1471	
6881	1576	
6882	1505	
6883	1514	
6884	1491	
6885	1566	
6886	1473	
6887	1452	
6888	1514	
6889	1466	
6890	1518	
6891	1407	
6892	1552	
6893	1595	
6894	1420	
6895	1434	
6896	1504	
6897	1535	
6898	1384	
6899	1532	
6900	1516	
6901	1532	
6902	1430	
6903	1457	
6904	1491	
6905	1500	
6906	1467	
6907	1470	
6908	1498	
6909	1495	
6910	1403	
6911	1331	
6912	1551	
6913	1459	
6914	1424	
6915	1398	
6916	1455	
6917	1497	
6918	1391	
6919	1371	
6920	1489	
6921	1521	
6922	1466	
6923	1407	
6924	1379	
6925	1495	
6926	1369	
6927	1368	
6928	1342	
6929	1398	
6930	1417	
6931	1437	
6932	1376	
6933	1489	
6934	1343	
6935	1394	
6936	1416	
6937	1503	
6938	1347	
6939	1431	
6940	1435	
6941	1420	
6942	1338	
6943	1334	
6944	1471	
6945	1426	
6946	1398	
6947	1347	
6948	1380	
6949	1498	
6950	1471	
6951	1397	
6952	1389	
6953	1426	
6954	1395	
6955	1349	
6956	1455	
6957	1416	
6958	1406	
6959	1247	
6960	1414	
6961	1409	
6962	1298	
6963	1389	
6964	1390	
6965	1447	
6966	1327	
6967	1346	
6968	1415	
6969	1468	
6970	1391	
6971	1374	
6972	1385	
6973	1443	
6974	1304	
6975	1248	
6976	1354	
6977	1418	
6978	1342	
6979	1302	
6980	1425	
6981	1412	
6982	1239	
6983	1340	
6984	1384	
6985	1419	
6986	1319	
6987	1331	
6988	1333	
6989	1398	
6990	1300	
6991	1308	
6992	1360	
6993	1286	
6994	1271	
6995	1334	
6996	1372	
6997	1394	
6998	1324	
6999	1264	
7000	1418	
7001	1371	
7002	1289	
7003	1309	
7004	1370	
7005	1385	
7006	1264	
7007	1223	
7008	1376	
7009	1348	
7010	1296	
7011	1301	
7012	1306	
7013	1365	
7014	1292	
7015	1292	
7016	1299	
7017	1334	
7018	1295	
7019	1249	
7020	1305	
7021	1354	
7022	1208	
7023	1273	
7024	1329	
7025	1279	
7026	1229	
7027	1290	
7028	1360	
7029	1390	
7030	1253	
7031	1260	
7032	1309	
7033	1329	
7034	1246	
7035	1199	
7036	1328	
7037	1239	
7038	1144	
7039	1152	
7040	1318	
7041	1277	
7042	1208	
7043	1215	
7044	1295	
7045	1290	
7046	1229	
7047	1233	
7048	1275	
7049	1257	
7050	1286	
7051	1230	
7052	1268	
7053	1258	
7054	1305	
7055	1243	
7056	1199	
7057	1247	
7058	1224	
7059	1215	
7060	1334	
7061	1238	
7062	1262	
7063	1210	
7064	1288	
7065	1278	
7066	1233	
7067	1199	
7068	1309	
7069	1256	
7070	1184	
7071	1246	
7072	1247	
7073	1292	
7074	1204	
7075	1256	
7076	1199	
7077	1371	
7078	1179	
7079	1224	
7080	1236	
7081	1296	
7082	1188	
7083	1205	
7084	1285	
7085	1212	
7086	1134	
7087	1186	
7088	1212	
7089	1270	
7090	1137	
7091	1171	
7092	1252	
7093	1232	
7094	1199	
7095	1223	
7096	1234	
7097	1259	
7098	1195	
7099	1136	
7100	1186	
7101	1288	
7102	1177	
7103	1107	
7104	1247	
7105	1228	
7106	1188	
7107	1225	
7108	1161	
7109	1264	
7110	1136	
7111	1195	
7112	1192	
7113	1249	
7114	1135	
7115	1132	
7116	1182	
7117	1172	
7118	1112	
7119	1147	
7120	1206	
7121	1212	
7122	1145	
7123	1180	
7124	1184	
7125	1246	
7126	1095	
7127	1159	
7128	1214	
7129	1205	
7130	1166	
7131	1178	
7132	1202	
7133	1223	
7134	1067	
7135	1076	
7136	1216	
7137	1235	
7138	1170	
7139	1134	
7140	1173	
7141	1159	
7142	1107	
7143	1126	
7144	1212	
7145	1136	
7146	1165	
7147	1150	
7148	1210	
7149	1187	
7150	1106	
7151	1109	
7152	1098	
7153	1183	
7154	1170	
7155	1096	
7156	1236	
7157	1181	
7158	1050	
7159	1101	
7160	1178	
7161	1228	
7162	1081	
7163	1117	
7164	1148	
7165	1183	
7166	1050	
7167	1067	
7168	1177	
7169	1122	
7170	1113	
7171	1087	
7172	1183	
7173	1174	
7174	1154	
7175	1077	
7176	1147	
7177	1132	
7178	1067	
7179	1198	
7180	1095	
7181	1153	
7182	1137	
7183	1093	
7184	1143	
7185	1148	
7186	1092	
7187	1177	
7188	1138	
7189	1198	
7190	1110	
7191	1083	
7192	1163	
7193	1102	
7194	1145	
7195	1143	
7196	1086	
7197	1184	
7198	1032	
7199	1074	
7200	1073	
7201	1140	
7202	1102	
7203	1039	
7204	1133	
7205	1089	
7206	1030	
7207	1032	
7208	1091	
7209	1130	
7210	1034	
7211	1053	
7212	1103	
7213	1150	
7214	1069	
7215	1103	
7216	1130	
7217	1097	
7218	1050	
7219	1063	
7220	1043	
7221	1094	
7222	1040	
7223	1013	
7224	1103	
7225	1122	
7226	1071	
7227	1073	
7228	1069	
7229	1122	
7230	1060	
7231	1027	
7232	1128	
7233	1125	
7234	1128	
7235	1041	
7236	1095	
7237	1046	
7238	1092	
7239	1019	
7240	1100	
7241	1102	
7242	1025	
7243	1050	
7244	1117	
7245	1068	
7246	995	
7247	1110	
7248	1055	
7249	1041	
7250	989	
7251	1038	
7252	1118	
7253	1057	
7254	1020	
7255	1008	
7256	1055	
7257	1076	
7258	1044	
7259	1029	
7260	1063	
7261	1086	
7262	1060	
7263	1018	
7264	1124	
7265	1087	
7266	1012	
7267	1092	
7268	1123	
7269	1105	
7270	1053	
7271	1034	
7272	1089	
7273	1104	
7274	1086	
7275	1006	
7276	1095	
7277	1026	
7278	1021	
7279	984	
7280	1032	
7281	1074	
7282	1048	
7283	1025	
7284	1076	
7285	1035	
7286	986	
7287	1064	
7288	1047	
7289	1045	
7290	942	
7291	1007	
7292	1043	
7293	1067	
7294	1014	
7295	952	
7296	1065	
7297	1035	
7298	1070	
7299	1066	
7300	1116	
7301	1093	
7302	973	
7303	1005	
7304	1111	
7305	1094	
7306	1067	
7307	1035	
7308	1068	
7309	1076	
7310	1033	
7311	1017	
7312	1045	
7313	1025	
7314	1062	
7315	1064	
7316	1077	
7317	1038	
7318	1033	
7319	1014	
7320	1113	
7321	1126	
7322	1016	
7323	1015	
7324	1165	
7325	1094	
7326	1131	
7327	1009	
7328	1126	
7329	1093	
7330	1066	
7331	1102	
7332	1056	
7333	1119	
7334	1036	
7335	1055	
7336	1159	
7337	1089	
7338	1024	
7339	1123	
7340	1148	
7341	1142	
7342	1116	
7343	1094	
7344	1077	
7345	1136	
7346	1069	
7347	1126	
7348	1156	
7349	1150	
7350	1113	
7351	1051	
7352	1125	
7353	1142	
7354	1104	
7355	1042	
7356	1178	
7357	1151	
7358	1050	
7359	1065	
7360	1182	
7361	1151	
7362	1121	
7363	1161	
7364	1182	
7365	1177	
7366	1114	
7367	1107	
7368	1164	
7369	1145	
7370	1144	
7371	1176	
7372	1189	
7373	1158	
7374	1086	
7375	1180	
7376	1209	
7377	1203	
7378	1188	
7379	1192	
7380	1265	
7381	1292	
7382	1170	
7383	1144	
7384	1199	
7385	1229	
7386	1253	
7387	1194	
7388	1282	
7389	1360	
7390	1179	
7391	1230	
7392	1344	
7393	1336	
7394	1277	
7395	1287	
7396	1347	
7397	1357	
7398	1337	
7399	1298	
7400	1406	
7401	1432	
7402	1378	
7403	1362	
7404	1388	
7405	1421	
7406	1360	
7407	1356	
7408	1361	
7409	1488	
7410	1431	
7411	1455	
7412	1483	
7413	1503	
7414	1433	
7415	1407	
7416	1477	
7417	1454	
7418	1384	
7419	1402	
7420	1489	
7421	1547	
7422	1364	
7423	1433	
7424	1607	
7425	1526	
7426	1500	
7427	1458	
7428	1611	
7429	1530	
7430	1544	
7431	1516	
7432	1598	
7433	1688	
7434	1524	
7435	1586	
7436	1683	
7437	1618	
7438	1541	
7439	1535	
7440	1641	
7441	1563	
7442	1561	
7443	1572	
7444	1643	
7445	1646	
7446	1581	
7447	1636	
7448	1615	
7449	1667	
7450	1599	
7451	1658	
7452	1683	
7453	1680	
7454	1563	
7455	1650	
7456	1666	
7457	1682	
7458	1622	
7459	1504	
7460	1746	
7461	1683	
7462	1557	
7463	1639	
7464	1666	
7465	1684	
7466	1563	
7467	1562	
7468	1646	
7469	1607	
7470	1515	
7471	1447	
7472	1533	
7473	1421	
7474	1514	
7475	1463	
7476	1564	
7477	1497	
7478	1434	
7479	1504	
7480	1522	
7481	1515	
7482	1455	
7483	1517	
7484	1438	
7485	1507	
7486	1299	
7487	1375	
7488	1412	
7489	1444	
7490	1372	
7491	1342	
7492	1382	
7493	1411	
7494	1362	
7495	1401	
7496	1422	
7497	1480	
7498	1384	
7499	1406	
7500	1514	
7501	1425	
7502	1358	
7503	1328	
7504	1410	
7505	1353	
7506	1450	
7507	1395	
7508	1415	
7509	1507	
7510	1425	
7511	1410	
7512	1516	
7513	1497	
7514	1455	
7515	1479	
7516	1434	
7517	1524	
7518	1448	
7519	1405	
7520	1499	
7521	1524	
7522	1446	
7523	1460	
7524	1532	
7525	1590	
7526	1449	
7527	1365	
7528	1545	
7529	1563	
7530	1508	
7531	1509	
7532	1642	
7533	1591	
7534	1502	
7535	1538	
7536	1488	
7537	1498	
7538	1514	
7539	1494	
7540	1691	
7541	1605	
7542	1433	
7543	1577	
7544	1538	
7545	1666	
7546	1512	
7547	1452	
7548	1674	
7549	1615	
7550	1580	
7551	1557	
7552	1667	
7553	1611	
7554	1682	
7555	1636	
7556	1702	
7557	1687	
7558	1648	
7559	1609	
7560	1767	
7561	1710	
7562	1764	
7563	1718	
7564	1802	
7565	1744	
7566	1668	
7567	1763	
7568	1760	
7569	1747	
7570	1756	
7571	1843	
7572	1889	
7573	1798	
7574	1777	
7575	1747	
7576	1807	
7577	1786	
7578	1770	
7579	1825	
7580	1883	
7581	1855	
7582	1823	
7583	1747	
7584	1840	
7585	1871	
7586	1833	
7587	1817	
7588	1914	
7589	1917	
7590	1865	
7591	1866	
7592	1816	
7593	1894	
7594	1864	
7595	1908	
7596	1903	
7597	1863	
7598	1837	
7599	1827	
7600	1843	
7601	1896	
7602	1838	
7603	1671	
7604	1900	
7605	1893	
7606	1787	
7607	1803	
7608	1772	
7609	1870	
7610	1666	
7611	1665	
7612	1812	
7613	1780	
7614	1637	
7615	1697	
7616	1781	
7617	1732	
7618	1773	
7619	1709	
7620	1746	
7621	1752	
7622	1646	
7623	1728	
7624	1701	
7625	1696	
7626	1652	
7627	1734	
7628	1781	
7629	1745	
7630	1611	
7631	1633	
7632	1708	
7633	1722	
7634	1683	
7635	1699	
7636	1758	
7637	1726	
7638	1635	
7639	1687	
7640	1780	
7641	1756	
7642	1679	
7643	1653	
7644	1754	
7645	1805	
7646	1567	
7647	1606	
7648	1771	
7649	1752	
7650	1687	
7651	1716	
7652	1896	
7653	1696	
7654	1629	
7655	1637	
7656	1740	
7657	1709	
7658	1702	
7659	1698	
7660	1764	
7661	1722	
7662	1660	
7663	1771	
7664	1717	
7665	1723	
7666	1658	
7667	1784	
7668	1795	
7669	1751	
7670	1731	
7671	1689	
7672	1891	
7673	1809	
7674	1679	
7675	1694	
7676	1782	
7677	1765	
7678	1606	
7679	1625	
7680	1747	
7681	1787	
7682	1747	
7683	1750	
7684	1777	
7685	1795	
7686	1707	
7687	1727	
7688	1811	
7689	1768	
7690	1754	
7691	1784	
7692	1789	
7693	1904	
7694	1703	
7695	1731	
7696	1801	
7697	1768	
7698	1829	
7699	1803	
7700	1905	
7701	1775	
7702	1780	
7703	1754	
7704	1797	
7705	1758	
7706	1755	
7707	1721	
7708	1829	
7709	1759	
7710	1704	
7711	1706	
7712	1731	
7713	1771	
7714	1746	
7715	1783	
7716	1835	
7717	1795	
7718	1808	
7719	1777	
7720	1762	
7721	1745	
7722	1706	
7723	1735	
7724	1777	
7725	1845	
7726	1743	
7727	1688	
7728	1775	
7729	1762	
7730	1754	
7731	1738	
7732	1839	
7733	1736	
7734	1730	
7735	1750	
7736	1774	
7737	1814	
7738	1735	
7739	1735	
7740	1867	
7741	1793	
7742	1772	
7743	1775	
7744	1811	
7745	1804	
7746	1831	
7747	1757	
7748	1914	
7749	1897	
7750	1872	
7751	1894	
7752	1967	
7753	1935	
7754	1908	
7755	1965	
7756	1963	
7757	1999	
7758	1903	
7759	1916	
7760	1949	
7761	1938	
7762	1992	
7763	2047	
7764	2111	
7765	2183	
7766	2104	
7767	2039	
7768	2211	
7769	2161	
7770	2304	
7771	2141	
7772	2369	
7773	2432	
7774	2276	
7775	2303	
7776	2414	
7777	2429	
7778	2536	
7779	2515	
7780	2605	
7781	2580	
7782	2616	
7783	2692	
7784	2878	
7785	2887	
7786	2939	
7787	2967	
7788	3326	
7789	3303	
7790	3340	
7791	3464	
7792	3673	
7793	3731	
7794	4313	
7795	4363	
7796	5385	
7797	5443	
7798	6506	
7799	6452	
7800	8552	
7801	8554	
7802	10748	
7803	10641	
7804	12735	
7805	12695	
7806	13858	
7807	13695	
7808	15469	
7809	15147	
7810	15002	
7811	14999	
7812	14083	
7813	14023	
7814	11684	
7815	11562	
7816	11311	
7817	11350	
7818	11760	
7819	11511	
7820	14714	
7821	15026	
7822	17721	
7823	17636	
7824	21478	
7825	21266	
7826	20458	
7827	20332	
7828	16331	
7829	16192	
7830	9186	
7831	9258	
7832	4331	
7833	4400	
7834	1490	
7835	1490	
7836	404	
7837	399	
7838	76	
7839	81	
7840	34	
7841	31	
7842	26	
7843	20	
7844	38	
7845	27	
7846	35	
7847	20	
7848	39	
7849	30	
7850	30	
7851	39	
7852	44	
7853	38	
7854	38	
7855	39	
7856	44	
7857	51	
7858	43	
7859	50	
7860	45	
7861	43	
7862	48	
7863	45	
7864	54	
7865	44	
7866	40	
7867	46	
7868	29	
7869	28	
7870	29	
7871	34	
7872	36	
7873	25	
7874	26	
7875	23	
7876	23	
7877	47	
7878	26	
7879	34	
7880	25	
7881	24	
7882	24	
7883	30	
7884	21	
7885	23	
7886	21	
7887	22	
7888	21	
7889	18	
7890	40	
7891	28	
7892	17	
7893	20	
7894	22	
7895	38	
7896	37	
7897	29	
7898	38	
7899	41	
7900	35	
7901	50	
7902	44	
7903	47	
7904	48	
7905	46	
7906	34	
7907	36	
7908	36	
7909	34	
7910	42	
7911	33	
7912	48	
7913	54	
7914	69	
7915	55	
7916	76	
7917	94	
7918	79	
7919	67	
7920	92	
7921	67	
7922	55	
7923	60	
7924	53	
7925	53	
7926	50	
7927	32	
7928	19	
7929	18	
7930	6	
7931	8	
7932	7	
7933	3	
7934	0	
7935	5	
7936	1	
7937	2	
7938	2	
7939	1	
7940	0	
7941	0	
7942	0	
7943	0	
7944	0	
7945	0	
7946	1	
7947	0	
7948	0	
7949	0	
7950	0	
7951	0	
7952	0	
7953	0	
7954	0	
7955	0	
7956	0	
7957	0	
7958	0	
7959	0	
7960	0	
7961	0	
7962	0	
7963	0	
7964	0	
7965	0	
7966	0	
7967	0	
7968	0	
7969	0	
7970	0	
7971	0	
7972	0	
7973	0	
7974	0	
7975	0	
7976	0	
7977	0	
7978	0	
7979	0	
7980	0	
7981	0	
7982	0	
7983	0	
7984	0	
7985	0	
7986	0	
7987	0	
7988	0	
7989	0	
7990	0	
7991	0	
7992	0	
7993	0	
7994	0	
7995	0	
7996	0	
7997	0	
7998	0	
7999	0	
8000	0	
8001	0	
8002	0	
8003	0	
8004	0	
8005	0	
8006	0	
8007	0	
8008	0	
8009	0	
8010	0	
8011	0	
8012	0	
8013	0	
8014	0	
8015	0	
8016	0	
8017	0	
8018	0	
8019	0	
8020	0	
8021	0	
8022	0	
8023	0	
8024	0	
8025	0	
8026	0	
8027	0	
8028	0	
8029	0	
8030	0	
8031	0	
8032	0	
8033	0	
8034	0	
8035	0	
8036	0	
8037	0	
8038	0	
8039	0	
8040	0	
8041	0	
8042	0	
8043	0	
8044	0	
8045	0	
8046	0	
8047	0	
8048	0	
8049	0	
8050	0	
8051	0	
8052	0	
8053	0	
8054	0	
8055	0	
8056	0	
8057	0	
8058	0	
8059	0	
8060	0	
8061	0	
8062	0	
8063	0	
8064	0	
8065	0	
8066	0	
8067	0	
8068	0	
8069	0	
8070	0	
8071	0	
8072	0	
8073	0	
8074	0	
8075	0	
8076	0	
8077	0	
8078	0	
8079	0	
8080	0	
8081	0	
8082	0	
8083	0	
8084	0	
8085	0	
8086	0	
8087	0	
8088	0	
8089	0	
8090	0	
8091	0	
8092	0	
8093	0	
8094	0	
8095	0	
8096	0	
8097	0	
8098	0	
8099	0	
8100	0	
8101	0	
8102	0	
8103	0	
8104	0	
8105	0	
8106	0	
8107	0	
8108	0	
8109	0	
8110	0	
8111	0	
8112	0	
8113	0	
8114	0	
8115	0	
8116	0	
8117	0	
8118	0	
8119	0	
8120	0	
8121	0	
8122	0	
8123	0	
8124	0	
8125	0	
8126	0	
8127	0	
8128	0	
8129	0	
8130	0	
8131	0	
8132	0	
8133	0	
8134	0	
8135	0	
8136	0	
8137	0	
8138	0	
8139	0	
8140	0	
8141	0	
8142	0	
8143	0	
8144	0	
8145	0	
8146	0	
8147	0	
8148	0	
8149	0	
8150	0	
8151	0	
8152	0	
8153	0	
8154	0	
8155	0	
8156	0	
8157	0	
8158	0	
8159	0	
8160	0	
8161	0	
8162	0	
8163	0	
8164	0	
8165	0	
8166	0	
8167	0	
8168	0	
8169	0	
8170	0	
8171	0	
8172	0	
8173	0	
8174	0	
8175	0	
8176	0	
8177	0	
8178	0	
8179	0	
8180	0	
8181	0	
8182	0	
8183	0	
8184	0	
8185	0	
8186	0	
8187	0	
8188	0	
8189	0	
8190	0	
8191	0	
