0.006	0
0.125	0
0.244	0
0.362	0
0.481	0
0.6	0.015886288
0.719	0.017001115
0.838	0.018115942
0.957	0.013377926
1.075	0.012820513
1.194	0.009754738
1.313	0.009754738
1.432	0.008361204
1.551	0.009476031
1.669	0.004738016
1.788	0.005574136
1.907	0.004180602
2.026	0.005574136
2.145	0.003901895
2.263	0.001672241
2.382	0.002508361
2.501	0.001393534
2.62	0.001393534
2.739	0.001672241
2.857	0.00083612
2.976	0.00083612
3.095	0.00083612
3.214	0.000557414
3.333	0.000557414
3.451	0.001114827
3.57	0.000557414
3.689	0.000557414
3.808	0.001114827
3.927	0.000557414
4.046	0
4.164	0.001114827
4.283	0.000557414
4.402	0.001393534
4.521	0.001393534
4.64	0.000557414
4.758	0.001672241
4.877	0
4.996	0
5.115	0.000557414
5.234	0.000278707
5.352	0.001114827
5.471	0.00083612
5.59	0.000557414
5.709	0.00083612
5.828	0
5.946	0.000278707
6.065	0.000557414
6.184	0.00083612
6.303	0.001672241
6.422	0.001672241
6.54	0.001114827
6.659	0.000557414
6.778	0.000557414
6.897	0.000557414
7.016	0.001672241
7.134	0
7.253	0.000557414
7.372	0.000557414
7.491	0.00083612
7.61	0.000557414
7.729	0.00083612
7.847	0.001950948
7.966	0.001672241
8.085	0.00083612
8.204	0
8.323	0.000278707
8.441	0.001672241
8.56	0.001114827
8.679	0.001114827
8.798	0.001672241
8.917	0.001950948
9.035	0.003065775
9.154	0.001672241
9.273	0.001672241
9.392	0.002787068
9.511	0.003344482
9.629	0.001672241
9.748	0.003623188
9.867	0.003065775
9.986	0.006410256
10.105	0.006410256
10.223	0.003623188
10.342	0.009197324
10.461	0.009197324
10.58	0.014492754
10.699	0.011148272
10.818	0.010869565
10.936	0.017001115
11.055	0.022017837
11.174	0.019230769
11.293	0.025083612
11.412	0.026755853
11.53	0.030936455
11.649	0.032329989
11.768	0.037625418
11.887	0.039855072
12.006	0.039855072
12.124	0.046544036
12.243	0.054347826
12.362	0.060758082
12.481	0.059643255
12.6	0.066332219
12.718	0.076365663
12.837	0.073578595
12.956	0.091415831
13.075	0.090022297
13.194	0.093088071
13.312	0.095039019
13.431	0.106187291
13.55	0.102006689
13.669	0.096432553
13.788	0.13238573
13.906	0.108138239
14.025	0.122073579
14.144	0.115105909
14.263	0.127926421
14.382	0.126532887
14.501	0.118729097
14.619	0.128762542
14.738	0.140189521
14.857	0.149386845
14.976	0.143534002
15.095	0.144648829
15.213	0.139910814
15.332	0.161371237
15.451	0.151895206
15.57	0.169175028
15.689	0.16025641
15.807	0.158026756
15.926	0.157748049
16.045	0.156354515
16.164	0.164994426
16.283	0.153010033
16.401	0.160535117
16.52	0.163322185
16.639	0.172798216
16.758	0.186733556
16.877	0.334169454
16.995	0.833890747
17.114	1
17.233	0.425027871
17.352	0.177536232
17.471	0.140189521
17.589	0.160535117
17.708	0.16722408
17.827	0.139910814
17.946	0.137123746
18.065	0.14632107
18.184	0.140746934
18.302	0.14548495
18.421	0.142976589
18.54	0.135451505
18.659	0.130434783
18.778	0.133500557
18.896	0.139910814
19.015	0.223522854
19.134	0.309643255
19.253	0.211538462
19.372	0.147714604
19.49	0.127926421
19.609	0.115384615
19.728	0.095875139
19.847	0.086956522
19.966	0.083054627
20.084	0.087513935
20.203	0.076923077
20.322	0.079431438
20.441	0.085562988
20.56	0.085841695
20.678	0.066889632
20.797	0.070791527
20.916	0.073857302
21.035	0.072742475
21.154	0.061594203
21.273	0.057692308
21.391	0.059921962
21.51	0.058528428
21.629	0.04877369
21.748	0.050724638
21.867	0.044314381
21.985	0.043478261
22.104	0.04637709
22.223	0.040477982
22.342	0.032276477
22.461	0.034284281
22.579	0.03140524
22.698	0.026690078
22.817	0.023580546
22.936	0.022762263
23.055	0.0203534
23.173	0.018996934
23.292	0.017545987
23.411	0.015505853
23.53	0.013824136
23.649	0.017546823
23.767	0.014315496
23.886	0.011837235
24.005	0.011616778
24.124	0.008314939
24.243	0.009018395
24.361	0.008144091
24.48	0.008770067
24.599	0.008326366
24.718	0.007737737
24.837	0.005871795
24.956	0.004857302
25.074	0.004470736
25.193	0.003653846
25.312	0.004576366
25.431	0.003791249
25.55	0.003676143
25.668	0.003121516
25.787	0.003085006
25.906	0.002013099
26.025	0.002437012
26.144	0.0022932
26.262	0.002105351
26.381	0.001822464
26.5	0.001806299
26.619	0.002028986
26.738	0.001497213
26.856	0.001500279
26.975	0.00155602
27.094	0.00135786
27.213	0.001133222
27.332	0.00132107
27.45	0.00110981
27.569	0.000838071
27.688	0.000931159
27.807	0.001181438
27.926	0.001139075
28.045	0.001081661
28.163	0.000890468
28.282	0.001043757
28.401	0.000795708
28.52	0.000782609
28.639	0.00099136
28.757	0.000936176
28.876	0.000991081
28.995	0.000931717
29.114	0.000980769
29.233	0.000776198
29.351	0.000841416
29.47	0.000942586
29.589	0.00095262
29.708	0.000991639
29.827	0.000792085
29.945	0.00082748
30.064	0.000816332
30.183	0.000852564
30.302	0.000895764
30.421	0.000682553
30.539	0.000951784
30.658	0.000809922
30.777	0.000903567
30.896	0.00079738
31.015	0.00084699
31.133	0.000726867
31.252	0.000759755
31.371	0.001013099
31.49	0.000869844
31.609	0.00073913
31.728	0.0008233
31.846	0.000927536
31.965	0.000784002
32.084	0.000938127
32.203	0.001008361
32.322	0.000958194
32.44	0.000843645
32.559	0.000805463
32.678	0.000759755
32.797	0.000686455
32.916	0.000858974
33.034	0.00093757
33.153	0.000828038
33.272	0.000733556
33.391	0.000785117
33.51	0.000823857
33.628	0.00089019
33.747	0.000865663
33.866	0.000744705
33.985	0.0006767
34.104	0.000754459
34.222	0.000921962
34.341	0.000805463
34.46	0.000933389
34.579	0.000797101
34.698	0.00085786
34.817	0.000740245
34.935	0.000945931
35.054	0.000983278
35.173	0.000773133
35.292	0.000853958
35.411	0.000823579
35.529	0.000761148
35.648	0.000751394
35.767	0.000782887
35.886	0.000847826
36.005	0.000916109
36.123	0.000784002
36.242	0.000762821
36.361	0.001047659
36.48	0.000965998
36.599	0.000835006
36.717	0.000828317
36.836	0.000822185
36.955	0.000906912
37.074	0.000889075
37.193	0.000723523
37.311	0.000799331
37.43	0.00078874
37.549	0.000848105
37.668	0.000845875
37.787	0.000636566
37.905	0.000705407
38.024	0.000769509
38.143	0.000738573
38.262	0.00099136
38.381	0.001016444
38.5	0.00098913
38.618	0.000871516
38.737	0.000850613
38.856	0.000698718
38.975	0.000796265
39.094	0.000857302
39.212	0.000916945
39.331	0.000739967
39.45	0.000845318
39.569	0.000609532
39.688	0.000830825
39.806	0.000901059
39.925	0.001013935
40.044	0.00102592
40.163	0.000900223
40.282	0.000837235
40.4	0.000916667
40.519	0.000911371
40.638	0.000933946
40.757	0.000747213
40.876	0.000957079
40.994	0.00091388
41.113	0.000825808
41.232	0.000919175
41.351	0.000783166
41.47	0.000781494
41.589	0.000786789
41.707	0.000759197
41.826	0.000855909
41.945	0.000769509
42.064	0.000900223
42.183	0.000815496
42.301	0.000808528
42.42	0.000786789
42.539	0.000846433
42.658	0.000951505
42.777	0.000989409
42.895	0.000830268
43.014	0.000760591
43.133	0.00082553
43.252	0.000882107
43.371	0.000989688
43.489	0.000894091
43.608	0.000771182
43.727	0.000753623
43.846	0.000761706
43.965	0.000811873
44.083	0.000836399
44.202	0.000720178
44.321	0.000809922
44.44	0.000838907
44.559	0.000879877
44.677	0.000612319
44.796	0.000960702
44.915	0.000896042
45.034	0.000713489
45.153	0.000903846
45.272	0.000924192
45.39	0.000847547
45.509	0.000890747
45.628	0.000816332
45.747	0.000905797
45.866	0.000731327
45.984	0.000911929
46.103	0.000738016
46.222	0.000902174
46.341	0.000783724
46.46	0.000673077
46.578	0.000765329
46.697	0.000922241
46.816	0.000880435
46.935	0.00058835
47.054	0.00086204
47.172	0.000822185
47.291	0.000926143
47.41	0.000930881
47.529	0.000937848
47.648	0.000952062
47.766	0.000896042
47.885	0.000981048
48.004	0.000941193
