0.006
0.125
0.244
0.362
0.481
0.600
0.719
0.838
0.957
1.075
1.194
1.313
1.432
1.551
1.669
1.788
1.907
2.026
2.145
2.263
2.382
2.501
2.620
2.739
2.857
2.976
3.095
3.214
3.333
3.451
3.570
3.689
3.808
3.927
4.046
4.164
4.283
4.402
4.521
4.640
4.758
4.877
4.996
5.115
5.234
5.352
5.471
5.590
5.709
5.828
5.946
6.065
6.184
6.303
6.422
6.540
6.659
6.778
6.897
7.016
7.134
7.253
7.372
7.491
7.610
7.729
7.847
7.966
8.085
8.204
8.323
8.441
8.560
8.679
8.798
8.917
9.035
9.154
9.273
9.392
9.511
9.629
9.748
9.867
9.986
10.105
10.223
10.342
10.461
10.580
10.699
10.818
10.936
11.055
11.174
11.293
11.412
11.530
11.649
11.768
11.887
12.006
12.124
12.243
12.362
12.481
12.600
12.718
12.837
12.956
13.075
13.194
13.312
13.431
13.550
13.669
13.788
13.906
14.025
14.144
14.263
14.382
14.501
14.619
14.738
14.857
14.976
15.095
15.213
15.332
15.451
15.570
15.689
15.807
15.926
16.045
16.164
16.283
16.401
16.520
16.639
16.758
16.877
16.995
17.114
17.233
17.352
17.471
17.589
17.708
17.827
17.946
18.065
18.184
18.302
18.421
18.540
18.659
18.778
18.896
19.015
19.134
19.253
19.372
19.490
19.609
19.728
19.847
19.966
20.084
20.203
20.322
20.441
20.560
20.678
20.797
20.916
21.035
21.154
21.273
21.391
21.510
21.629
21.748
21.867
21.985
22.104
22.223
22.342
22.461
22.579
22.698
22.817
22.936
23.055
23.173
23.292
23.411
23.530
23.649
23.767
23.886
24.005
24.124
24.243
24.361
24.480
24.599
24.718
24.837
24.956
25.074
25.193
25.312
25.431
25.550
25.668
25.787
25.906
26.025
26.144
26.262
26.381
26.500
26.619
26.738
26.856
26.975
27.094
27.213
27.332
27.450
27.569
27.688
27.807
27.926
28.045
28.163
28.282
28.401
28.520
28.639
28.757
28.876
28.995
29.114
29.233
29.351
29.470
29.589
29.708
29.827
29.945
30.064
30.183
30.302
30.421
30.539
30.658
30.777
30.896
31.015
31.133
31.252
31.371
31.490
31.609
31.728
31.846
31.965
32.084
32.203
32.322
32.440
32.559
32.678
32.797
32.916
33.034
33.153
33.272
33.391
33.510
33.628
33.747
33.866
33.985
34.104
34.222
34.341
34.460
34.579
34.698
34.817
34.935
35.054
35.173
35.292
35.411
35.529
35.648
35.767
35.886
36.005
36.123
36.242
36.361
36.480
36.599
36.717
36.836
36.955
37.074
37.193
37.311
37.430
37.549
37.668
37.787
37.905
38.024
38.143
38.262
38.381
38.500
38.618
38.737
38.856
38.975
39.094
39.212
39.331
39.450
39.569
39.688
39.806
39.925
40.044
40.163
40.282
40.400
40.519
40.638
40.757
40.876
40.994
41.113
41.232
41.351
41.470
41.589
41.707
41.826
41.945
42.064
42.183
42.301
42.420
42.539
42.658
42.777
42.895
43.014
43.133
43.252
43.371
43.489
43.608
43.727
43.846
43.965
44.083
44.202
44.321
44.440
44.559
44.677
44.796
44.915
45.034
45.153
45.272
45.390
45.509
45.628
45.747
45.866
45.984
46.103
46.222
46.341
46.460
46.578
46.697
46.816
46.935
47.054
47.172
47.291
47.410
47.529
47.648
47.766
47.885
48.004
