0.000
0.000
0.000
0.000
0.000
0.016
0.017
0.018
0.013
0.013
0.010
0.010
0.008
0.009
0.005
0.006
0.004
0.006
0.004
0.002
0.003
0.001
0.001
0.002
0.001
0.001
0.001
0.001
0.001
0.001
0.001
0.001
0.001
0.001
0.000
0.001
0.001
0.001
0.001
0.001
0.002
0.000
0.000
0.001
0.000
0.001
0.001
0.001
0.001
0.000
0.000
0.001
0.001
0.002
0.002
0.001
0.001
0.001
0.001
0.002
0.000
0.001
0.001
0.001
0.001
0.001
0.002
0.002
0.001
0.000
0.000
0.002
0.001
0.001
0.002
0.002
0.003
0.002
0.002
0.003
0.003
0.002
0.004
0.003
0.006
0.006
0.004
0.009
0.009
0.014
0.011
0.011
0.017
0.022
0.019
0.025
0.027
0.031
0.032
0.038
0.040
0.040
0.047
0.054
0.061
0.060
0.066
0.076
0.074
0.091
0.090
0.093
0.095
0.106
0.102
0.096
0.132
0.108
0.122
0.115
0.128
0.127
0.119
0.129
0.140
0.149
0.144
0.145
0.140
0.161
0.152
0.169
0.160
0.158
0.158
0.156
0.165
0.153
0.161
0.163
0.173
0.187
0.334
0.834
1.000
0.425
0.178
0.140
0.161
0.167
0.140
0.137
0.146
0.141
0.145
0.143
0.135
0.130
0.134
0.140
0.224
0.310
0.212
0.148
0.128
0.115
0.096
0.087
0.083
0.088
0.077
0.079
0.086
0.086
0.067
0.071
0.074
0.073
0.062
0.058
0.060
0.059
0.049
0.051
0.044
0.043
0.046
0.040
0.032
0.034
0.031
0.027
0.024
0.023
0.020
0.019
0.018
0.016
0.014
0.018
0.014
0.012
0.012
0.008
0.009
0.008
0.009
0.008
0.008
0.006
0.005
0.004
0.004
0.005
0.004
0.004
0.003
0.003
0.002
0.002
0.002
0.002
0.002
0.002
0.002
0.001
0.002
0.002
0.001
0.001
0.001
0.001
0.001
0.001
0.001
0.001
0.001
0.001
0.001
0.001
0.001
0.001
0.001
0.001
0.001
0.001
0.001
0.001
0.001
0.001
0.001
0.001
0.001
0.001
0.001
0.001
0.001
0.001
0.001
0.001
0.001
0.001
0.001
0.001
0.001
0.001
0.001
0.001
0.001
0.001
0.001
0.001
0.001
0.001
0.001
0.001
0.001
0.001
0.001
0.001
0.001
0.001
0.001
0.001
0.001
0.001
0.001
0.001
0.001
0.001
0.001
0.001
0.001
0.001
0.001
0.001
0.001
0.001
0.001
0.001
0.001
0.001
0.001
0.001
0.001
0.001
0.001
0.001
0.001
0.001
0.001
0.001
0.001
0.001
0.001
0.001
0.001
0.001
0.001
0.001
0.001
0.001
0.001
0.001
0.001
0.001
0.001
0.001
0.001
0.001
0.001
0.001
0.001
0.001
0.001
0.001
0.001
0.001
0.001
0.001
0.001
0.001
0.001
0.001
0.001
0.001
0.001
0.001
0.001
0.001
0.001
0.001
0.001
0.001
0.001
0.001
0.001
0.001
0.001
0.001
0.001
0.001
0.001
0.001
0.001
0.001
0.001
0.001
0.001
0.001
0.001
0.001
0.001
0.001
0.001
0.001
0.001
0.001
0.001
0.001
0.001
0.001
0.001
0.001
0.001
0.001
0.001
0.001
0.001
0.001
0.001
0.001
0.001
0.001
0.001
0.001
0.001
0.001
0.001
0.001
0.001
0.001
0.001
0.001
0.001
